    -99999  0.000000000000000E+00
         1  2.389758759579807E+01
         2  2.779483888845028E+01
         3  3.180014248510850E+01
         4  3.581536006677572E+01
         5  3.978056411343252E+01
         6  4.377415490461312E+01
         7  4.783837410242735E+01
         8  5.235710216872482E+01
         9  5.738342731652045E+01
        10  6.253823896704223E+01
        11  6.766072794219146E+01
        12  7.286567027922867E+01
        13  7.845197686952842E+01
        14  8.098164089780860E+01
        15  8.449818125214451E+01
        16  9.011849309211429E+01
        17  9.427285097490241E+01
        18  9.690018358789908E+01
        19  9.860819588280569E+01
        20  1.000717894796114E+02
        21  1.015185914792561E+02
        22  1.029663117816440E+02
        23  1.044160531666173E+02
        24  1.058650162481628E+02
        25  1.073155838489469E+02
        26  1.087720673942508E+02
        27  1.111403294944698E+02
        28  1.101724296946311E+02
        29  1.124584934690514E+02
        30  1.143967717730246E+02
        31  1.164460533022352E+02
        32  1.185058188742375E+02
        33  1.205664766407460E+02
        34  1.226276379668393E+02
        35  1.246876730610414E+02
        36  1.267486697674827E+02
        37  1.288093121014458E+02
        38  1.308686555538603E+02
        39  1.329161136899915E+02
        40  1.348656672064464E+02
        41  1.366644645997310E+02
        42  1.394028412160334E+02
        43  1.434970779263786E+02
        44  1.484002908585506E+02
        45  1.534565519184972E+02
        46  1.585228244189504E+02
        47  1.635948483641297E+02
        48  1.686638728504947E+02
        49  1.737458575021967E+02
        50  1.787226876152482E+02
        51  1.843462157111819E+02
        52  1.869492192204730E+02
        53  1.893835406380824E+02
        54  1.916289610879875E+02
        55  1.937740913516131E+02
        56  1.958689030552169E+02
        57  1.979394147487861E+02
        58  1.979557018823068E+02
        59  1.979707282932312E+02
        60  1.979728160266463E+02
        61  1.979588428850248E+02
        62  1.979307375522204E+02
        63  1.979164436292344E+02
        64  1.979218463470524E+02
        65  1.958221851813861E+02
        66  1.936909613434107E+02
        67  1.915107323409673E+02
        68  1.892676835507397E+02
        69  1.869169048900465E+02
        70  1.843486978962053E+02
        71  1.815416568805335E+02
        72  1.784530934228598E+02
        73  1.752193500246263E+02
        74  1.719015607759410E+02
        75  1.685591051898747E+02
        76  1.652108609460680E+02
        77  1.618729379165409E+02
        78  1.586866586200308E+02
        79  1.559008173788210E+02
        80  1.536690238470029E+02
        81  1.519057707160113E+02
        82  1.505226274854094E+02
        83  1.492226516552621E+02
        84  1.479303556380155E+02
        85  1.466282398556382E+02
        86  1.453213586321326E+02
        87  1.439999406771726E+02
        88  1.427300608202204E+02
        89  1.418205228905399E+02
        90  1.403146742143670E+02
        91  1.382391120760695E+02
        92  1.361186089836395E+02
        93  1.339985168303573E+02
        94  1.318802493319127E+02
        95  1.297621404698168E+02
        96  1.276440501245763E+02
        97  1.255259638558673E+02
        98  1.234078817095310E+02
        99  1.212898072665287E+02
       100  1.191717735672332E+02
       101  1.170540681338575E+02
       102  1.149396170006612E+02
       103  1.128328308417618E+02
       104  1.108752985103424E+02
       105  1.088405667178980E+02
       106  1.059481975766052E+02
       107  1.009744871663387E+02
       108  9.458259052764207E+01
       109  8.806787287196794E+01
       110  8.155173868803671E+01
       111  7.503599373322636E+01
       112  6.852093159012179E+01
       113  6.201079576355241E+01
       114  5.565800612294227E+01
       115  4.846778519710610E+01
       116  4.489789900377768E+01
       117  4.128427947216986E+01
       118  3.767922871041282E+01
       119  3.418637031382886E+01
       120  3.075243782007050E+01
       121  2.725975072294806E+01
       122  2.367268915315281E+01
       123  2.374470519402816E+01
       124  2.387108497696478E+01
       125  1.109641167983376E+02
       126  1.524779860457604E+02
       127  1.510592399337152E+02
       128  1.492667824369543E+02
       129  1.472473455206239E+02
       130  1.451807484922007E+02
       131  1.430695924580245E+02
       132  1.409033150310852E+02
       133  1.385829848996025E+02
       134  1.360695121220676E+02
       135  1.337099563602504E+02
       136  1.315192475313160E+02
       137  1.293533696058164E+02
       138  1.271406372057622E+02
       139  1.248705566976841E+02
       140  1.210935145337750E+02
       141  1.189892255190969E+02
       142  1.171381784497788E+02
       143  1.154749089208100E+02
       144  1.139447595436437E+02
       145  1.125840038974884E+02
       146  1.115232489298094E+02
       147  1.252172536635921E+02
       148  1.257162591133663E+02
       149  1.274616971401159E+02
       150  1.293995753072928E+02
       151  1.314182463564287E+02
       152  1.334660838246282E+02
       153  1.355298299528671E+02
       154  1.375961775685593E+02
       155  1.396643564105112E+02
       156  1.417361701227196E+02
       157  1.438140347495896E+02
       158  1.459081037000764E+02
       159  1.480446714112413E+02
       160  1.502814128522026E+02
       161  1.526162267876552E+02
       162  1.572987021018256E+02
       163  1.608601866007519E+02
       164  1.643885385836167E+02
       165  1.678356971839374E+02
       166  1.712554180199649E+02
       167  1.746582077407667E+02
       168  1.780631972544929E+02
       169  1.814702891760015E+02
       170  1.852836843616493E+02
       171  1.861388583867249E+02
       172  1.863514735925413E+02
       173  1.858874723742963E+02
       174  1.846833527554732E+02
       175  1.824985570111594E+02
       176  1.376442378571475E+02
       177  1.351961141606840E+02
       178  1.330907070728488E+02
       179  1.312228771878976E+02
       180  1.294902780919385E+02
       181  1.278683693406541E+02
       182  1.264029887733090E+02
       183  9.782479576063938E+01
       184  9.934783923682957E+01
       185  1.013134295643458E+02
       186  1.034565536144335E+02
       187  1.056584825460787E+02
       188  1.078825453905070E+02
       189  1.101172885036001E+02
       190  1.123649836042296E+02
       191  1.146415964732878E+02
       192  1.169990011651061E+02
       193  1.194735501643753E+02
       194  1.232984347579977E+02
       195  1.252904965904312E+02
       196  1.270991417843401E+02
       197  1.287561488634477E+02
       198  1.303146780034814E+02
       199  1.317773188202933E+02
       200  1.330890992631145E+02
       201  1.341167200979818E+02
       202  1.346721005380482E+02
       203  4.855971339129526E+01
       204  4.919241097458724E+01
       205  5.107256117891011E+01
       206  1.076067468091398E+02
       207  1.098048961842131E+02
       208  1.117682147112232E+02
       209  1.135184401754319E+02
       210  1.151412091742000E+02
       211  1.166550308686605E+02
       212  1.180047340091346E+02
       213  1.185411123052617E+02
       214  1.190948604655483E+02
       215  1.166260202717379E+02
       216  1.145097303448292E+02
       217  1.123165620825050E+02
       218  1.100963053021787E+02
       219  1.078644952356463E+02
       220  1.056230694853258E+02
       221  1.033628820103049E+02
       222  1.010543397403262E+02
       223  9.862172770404089E+01
       224  9.607389501042675E+01
       225  2.778595900017479E+01
       226  3.210564788766919E+01
       227  3.640869327283085E+01
       228  4.042450246689295E+01
       229  4.468703313808901E+01
       230  1.359829095201614E+02
       231  1.859488438900676E+02
       232  1.877617932266832E+02
       233  1.897794927832949E+02
       234  1.918271998089620E+02
       235  1.938700065351753E+02
       236  1.959122298210852E+02
       237  1.959540761681814E+02
       238  1.959731237145675E+02
       239  1.959423965177543E+02
       240  1.958545381788059E+02
       241  1.958169153549348E+02
       242  1.936821056401556E+02
       243  1.914737963229038E+02
       244  1.892311330494524E+02
       245  1.869483081038855E+02
       246  1.843573435768112E+02
       247  1.544848134867350E+02
       248  1.095799882099966E+02
       249  4.693600637820709E+01
       250  4.406444146399345E+01
       251  4.075909674773641E+01
       252  3.720562313417427E+01
       253  3.388886519748942E+01
       254  3.072840815889226E+01
       255  2.737628641562767E+01
       256  1.374771002562010E+02
       257  1.229448458220980E+02
       258  1.200407335969152E+02
       259  1.184892033653040E+02
       260  1.169019351940234E+02
       261  1.153152654090258E+02
       262  1.137455406811975E+02
       263  1.122114990183812E+02
       264  1.107717421941772E+02
       265  1.241929183647226E+02
       266  1.243214484690695E+02
       267  1.872189813298129E+02
       268  1.874272037218311E+02
       269  1.873787667930213E+02
       270  1.869175123636471E+02
       271  1.347437262414912E+02
       272  1.333723165946877E+02
       273  1.320690788310017E+02
       274  1.306670005251260E+02
       275  1.291088457092429E+02
       276  1.274875919174856E+02
       277  1.258752893738308E+02
       278  1.215080833337280E+02
       279  1.201347190538920E+02
       280  1.884156347698965E+02
       281  1.901668178195168E+02
       282  1.920356399143087E+02
       283  1.939720754042046E+02
       284  1.940305441643865E+02
       285  1.939913098130660E+02
       286  1.937468615237609E+02
       287  1.914602436760073E+02
       288  1.892222292952179E+02
       289  1.214967059574626E+02
       290  1.228888075525113E+02
       291  1.890136236084462E+02
       292  1.888130409019195E+02
       293  1.904447645725914E+02
       294  1.921848435427108E+02
       295  1.922281180335436E+02
       296  1.906199099600930E+02
       297  2.389758739017178E+01
       298  2.779483852363261E+01
       299  3.180014208625322E+01
       300  3.581535963122290E+01
       301  3.978056362564416E+01
       302  4.377415434970651E+01
       303  4.783837355871655E+01
       304  5.235710166677913E+01
       305  5.738342679704058E+01
       306  6.253823847175218E+01
       307  6.766072748459553E+01
       308  7.286566997108308E+01
       309  7.845197672958605E+01
       310  8.098164080846267E+01
       311  8.449818126685722E+01
       312  9.011849320569357E+01
       313  9.427285114117186E+01
       314  9.690018377621861E+01
       315  9.860819606765807E+01
       316  1.000717896485319E+02
       317  1.015185915951704E+02
       318  1.029663118321736E+02
       319  1.044160531469571E+02
       320  1.058650161447969E+02
       321  1.073155836707501E+02
       322  1.087720671437199E+02
       323  1.111403290731766E+02
       324  1.101724293535802E+02
       325  1.124584929202866E+02
       326  1.143967710870504E+02
       327  1.164460524783645E+02
       328  1.185058179222894E+02
       329  1.205664755817305E+02
       330  1.226276185454820E+02
       331  1.246876511308248E+02
       332  1.267486685256486E+02
       333  1.288093108877239E+02
       334  1.308686543753940E+02
       335  1.329161125750236E+02
       336  1.348656661487454E+02
       337  1.366644635269105E+02
       338  1.394028399387426E+02
       339  1.434970767940193E+02
       340  1.484002913289831E+02
       341  1.534565530420238E+02
       342  1.585228232978365E+02
       343  1.635948426756634E+02
       344  1.686638744854017E+02
       345  1.737458586512063E+02
       346  1.787226865998843E+02
       347  1.843462153029601E+02
       348  1.869492189712008E+02
       349  1.893835404768787E+02
       350  1.916289609672220E+02
       351  1.937740912450897E+02
       352  1.958689029784917E+02
       353  1.979394147102978E+02
       354  1.979557018482497E+02
       355  1.979707282693458E+02
       356  1.979728160128889E+02
       357  1.979588428867194E+02
       358  1.979307375601821E+02
       359  1.979164436374870E+02
       360  1.979218463590127E+02
       361  1.958221852125155E+02
       362  1.936909613919769E+02
       363  1.915107324085481E+02
       364  1.892676836355800E+02
       365  1.869169049994028E+02
       366  1.843486980317853E+02
       367  1.815416570508091E+02
       368  1.784530936283205E+02
       369  1.752193502478814E+02
       370  1.719015610083585E+02
       371  1.685591054639806E+02
       372  1.652108610455479E+02
       373  1.618729380137050E+02
       374  1.586866586571242E+02
       375  1.559008173556925E+02
       376  1.536690237815036E+02
       377  1.519057706303699E+02
       378  1.505226273877560E+02
       379  1.492226515278374E+02
       380  1.479303554773257E+02
       381  1.466282396658709E+02
       382  1.453213584145333E+02
       383  1.439999404243175E+02
       384  1.427300605055641E+02
       385  1.418205225135335E+02
       386  1.403146738118703E+02
       387  1.382391116422734E+02
       388  1.361186085100350E+02
       389  1.339985163274518E+02
       390  1.318802488029746E+02
       391  1.297621399109207E+02
       392  1.276440495173789E+02
       393  1.255259631950916E+02
       394  1.234078810776361E+02
       395  1.212898067740876E+02
       396  1.191717732088475E+02
       397  1.170540678681961E+02
       398  1.149396168113392E+02
       399  1.128328307253194E+02
       400  1.108752984403619E+02
       401  1.088405666512851E+02
       402  1.059481974841619E+02
       403  1.009744870130708E+02
       404  9.458259029760821E+01
       405  8.806787259257767E+01
       406  8.155173824895971E+01
       407  7.503599328389662E+01
       408  6.852093102287859E+01
       409  6.201079513672310E+01
       410  5.565800551203679E+01
       411  4.846778467690654E+01
       412  4.489789853618956E+01
       413  4.128427904699534E+01
       414  3.767922828021223E+01
       415  3.418636995762915E+01
       416  3.075243758483980E+01
       417  2.725975053891710E+01
       418  2.367268906983954E+01
       419  2.374470511616738E+01
       420  2.387108483466418E+01
       421  1.109641167572437E+02
       422  1.524779859479650E+02
       423  1.510592398012556E+02
       424  1.492667822729464E+02
       425  1.472473453100115E+02
       426  1.451807482503275E+02
       427  1.430695921913585E+02
       428  1.409033146896055E+02
       429  1.385829845439533E+02
       430  1.360695119412690E+02
       431  1.337099559671835E+02
       432  1.315192472013456E+02
       433  1.293533693405765E+02
       434  1.271406370070205E+02
       435  1.248705565608692E+02
       436  1.210935145215680E+02
       437  1.189892255554087E+02
       438  1.171381785031681E+02
       439  1.154749089769195E+02
       440  1.139447595922358E+02
       441  1.125840039281964E+02
       442  1.115232489303598E+02
       443  1.252172534858398E+02
       444  1.257162589411838E+02
       445  1.274616969173900E+02
       446  1.293995750254799E+02
       447  1.314182460123931E+02
       448  1.334660834472394E+02
       449  1.355298294996770E+02
       450  1.375961773034560E+02
       451  1.396643559598815E+02
       452  1.417361697664659E+02
       453  1.438140344477119E+02
       454  1.459081034482800E+02
       455  1.480446712051095E+02
       456  1.502814126919650E+02
       457  1.526162266809424E+02
       458  1.572987020979543E+02
       459  1.608601866821888E+02
       460  1.643885387229637E+02
       461  1.678356973783993E+02
       462  1.712554182439465E+02
       463  1.746582079681133E+02
       464  1.780631974572056E+02
       465  1.814702893380806E+02
       466  1.852836844405184E+02
       467  1.861388583999803E+02
       468  1.863514734939179E+02
       469  1.858874722511537E+02
       470  1.846833527164064E+02
       471  1.824985566020415E+02
       472  1.376442369658725E+02
       473  1.351961134440621E+02
       474  1.330907064151417E+02
       475  1.312228767416230E+02
       476  1.294902777338375E+02
       477  1.278683690579791E+02
       478  1.264029885566522E+02
       479  9.782479600865371E+01
       480  9.934783952516025E+01
       481  1.013134299038412E+02
       482  1.034565539973341E+02
       483  1.056584829551119E+02
       484  1.078823774663021E+02
       485  1.101172888869215E+02
       486  1.123649839508361E+02
       487  1.146415967660146E+02
       488  1.169990013903886E+02
       489  1.194735502946794E+02
       490  1.232984346797269E+02
       491  1.252904964054203E+02
       492  1.270991414847715E+02
       493  1.287561484273942E+02
       494  1.303146774266264E+02
       495  1.317773180577081E+02
       496  1.330890983505161E+02
       497  1.341167191669170E+02
       498  1.346720995554848E+02
       499  4.855971279342471E+01
       500  4.919241041309336E+01
       501  5.107256060860717E+01
       502  1.076067467618943E+02
       503  1.098048961843378E+02
       504  1.117682147359305E+02
       505  1.135184402151717E+02
       506  1.151412092282784E+02
       507  1.166550309334029E+02
       508  1.180047340855367E+02
       509  1.185411124663157E+02
       510  1.190948605529080E+02
       511  1.166260205061353E+02
       512  1.145097306384036E+02
       513  1.123165624303372E+02
       514  1.100963056854989E+02
       515  1.078644956485585E+02
       516  1.056230699052598E+02
       517  1.033628823977999E+02
       518  1.010543400806883E+02
       519  9.862172798831203E+01
       520  9.607389523789008E+01
       521  2.778595871610425E+01
       522  3.210564755757228E+01
       523  3.640869281299813E+01
       524  4.042450189314212E+01
       525  4.468703250202248E+01
       526  1.359829085517632E+02
       527  1.859488438164135E+02
       528  1.877617930947908E+02
       529  1.897794926354827E+02
       530  1.918271996786477E+02
       531  1.938700064250340E+02
       532  1.959122297472117E+02
       533  1.959540761183907E+02
       534  1.959731236851399E+02
       535  1.959423965170350E+02
       536  1.958545381914517E+02
       537  1.958169153845383E+02
       538  1.936821056825117E+02
       539  1.914737963719368E+02
       540  1.892311331159111E+02
       541  1.869483081986225E+02
       542  1.843573436953529E+02
       543  1.544848134258974E+02
       544  1.095799881760685E+02
       545  4.693600578375690E+01
       546  4.406444085772489E+01
       547  4.075909620225377E+01
       548  3.720562266903251E+01
       549  3.388886484175001E+01
       550  3.072840786104051E+01
       551  2.737628623717013E+01
       552  1.374770997262206E+02
       553  1.229448457523362E+02
       554  1.200407336355345E+02
       555  1.184892034290229E+02
       556  1.169019352578796E+02
       557  1.153152654772190E+02
       558  1.137455407383410E+02
       559  1.122114990546986E+02
       560  1.107717421998908E+02
       561  1.241929182388074E+02
       562  1.243214483327797E+02
       563  1.872189814029267E+02
       564  1.874272037358814E+02
       565  1.873787666787531E+02
       566  1.869175122082156E+02
       567  1.347437253670155E+02
       568  1.333723157533490E+02
       569  1.320690780773254E+02
       570  1.306669999095190E+02
       571  1.291088452089320E+02
       572  1.274875915633863E+02
       573  1.258752891349358E+02
       574  1.215080833526650E+02
       575  1.201347191299171E+02
       576  1.884156346133614E+02
       577  1.901668176884628E+02
       578  1.920356398222237E+02
       579  1.939720753351796E+02
       580  1.940305441330677E+02
       581  1.939913098088698E+02
       582  1.937468615472489E+02
       583  1.914602436986046E+02
       584  1.892222293418104E+02
       585  1.214967059551082E+02
       586  1.228888074988772E+02
       587  1.890136236219512E+02
       588  1.888130408213710E+02
       589  1.904447645256431E+02
       590  1.921848435155409E+02
       591  1.922281180332938E+02
       592  1.906199099648128E+02
       593  2.389758740745000E+01
       594  2.779483864961169E+01
       595  3.180021968559236E+01
       596  3.581535977515708E+01
       597  3.978056363201734E+01
       598  4.377415440565099E+01
       599  4.783837366551668E+01
       600  5.235710168747496E+01
       601  5.738342667961646E+01
       602  6.253823828491745E+01
       603  6.766072730275910E+01
       604  7.286566983898095E+01
       605  7.845197671857403E+01
       606  8.098164079437348E+01
       607  8.449818126987395E+01
       608  9.011849320621785E+01
       609  9.427285113655253E+01
       610  9.690018378116731E+01
       611  9.860819609541127E+01
       612  1.000717897007343E+02
       613  1.015185916487534E+02
       614  1.029663118850648E+02
       615  1.044160532017722E+02
       616  1.058650161946123E+02
       617  1.073155837013678E+02
       618  1.087720671580199E+02
       619  1.111403290132002E+02
       620  1.101724293411578E+02
       621  1.124584927692005E+02
       622  1.143967708789813E+02
       623  1.164460522192356E+02
       624  1.185058176085464E+02
       625  1.205664752200629E+02
       626  1.226276498646157E+02
       627  1.246876815877189E+02
       628  1.267486680731652E+02
       629  1.288093104575031E+02
       630  1.308686539939045E+02
       631  1.329161122700362E+02
       632  1.348656658619668E+02
       633  1.366644632093649E+02
       634  1.394028397849753E+02
       635  1.434970773376680E+02
       636  1.484002920188007E+02
       637  1.534565519337798E+02
       638  1.585228194635802E+02
       639  1.635948425971702E+02
       640  1.686638756969622E+02
       641  1.737458573240081E+02
       642  1.787226851468799E+02
       643  1.843462150297849E+02
       644  1.869492188647999E+02
       645  1.893835404229404E+02
       646  1.916289609056296E+02
       647  1.937740911889013E+02
       648  1.958689029361142E+02
       649  1.979394146878905E+02
       650  1.979557018290315E+02
       651  1.979707282589544E+02
       652  1.979728160089171E+02
       653  1.979588428887608E+02
       654  1.979307375632705E+02
       655  1.979164436391906E+02
       656  1.979218463606849E+02
       657  1.958221852254824E+02
       658  1.936909614128771E+02
       659  1.915107324288798E+02
       660  1.892676836613191E+02
       661  1.869169050369586E+02
       662  1.843486980600634E+02
       663  1.815416570727305E+02
       664  1.784530936743137E+02
       665  1.752193503082724E+02
       666  1.719015610558107E+02
       667  1.685591048646473E+02
       668  1.652108595229751E+02
       669  1.618729378891869E+02
       670  1.586866586178990E+02
       671  1.559008172959530E+02
       672  1.536690237275029E+02
       673  1.519057705980663E+02
       674  1.505226273687954E+02
       675  1.492226515005805E+02
       676  1.479303554434825E+02
       677  1.466282396329470E+02
       678  1.453213583896478E+02
       679  1.439999404302385E+02
       680  1.427300605529668E+02
       681  1.418205226049916E+02
       682  1.403146737994905E+02
       683  1.382391116620990E+02
       684  1.361186085509868E+02
       685  1.339985163817488E+02
       686  1.318802488645340E+02
       687  1.297621399640792E+02
       688  1.276440495122908E+02
       689  1.255259631509315E+02
       690  1.234078810302536E+02
       691  1.212898067507069E+02
       692  1.191717732440484E+02
       693  1.170540678999502E+02
       694  1.149396168288754E+02
       695  1.128328307228277E+02
       696  1.108752984245659E+02
       697  1.088405666208728E+02
       698  1.059481974405993E+02
       699  1.009744869777942E+02
       700  9.458259028893332E+01
       701  8.806664253880672E+01
       702  8.155173830187726E+01
       703  7.503590332990292E+01
       704  6.852093108532405E+01
       705  6.201079517531194E+01
       706  5.565800553258538E+01
       707  4.846778478475443E+01
       708  4.489789870635049E+01
       709  4.128427922670855E+01
       710  3.767922846617354E+01
       711  3.418637013844256E+01
       712  3.075054712697273E+01
       713  2.725975066386257E+01
       714  2.367268909839067E+01
       715  2.374470508794181E+01
       716  2.387108476317760E+01
       717  1.109641167440357E+02
       718  1.524779859003981E+02
       719  1.510592397768298E+02
       720  1.492667822987430E+02
       721  1.472473454049511E+02
       722  1.451807483832031E+02
       723  1.430695923175189E+02
       724  1.409033147962406E+02
       725  1.385829846952341E+02
       726  1.360695121401222E+02
       727  1.337099559844581E+02
       728  1.315192472965157E+02
       729  1.293533694586321E+02
       730  1.271406371073773E+02
       731  1.248705566256398E+02
       732  1.210935145720941E+02
       733  1.189892255864624E+02
       734  1.171381785070990E+02
       735  1.154749089640765E+02
       736  1.139447595733187E+02
       737  1.125840039083503E+02
       738  1.115232489147485E+02
       739  1.252172535455231E+02
       740  1.257162589898006E+02
       741  1.274616969743071E+02
       742  1.293995750687326E+02
       743  1.314182460377152E+02
       744  1.334660835156700E+02
       745  1.355298295095210E+02
       746  1.375961771722006E+02
       747  1.396643559812145E+02
       748  1.417361698164645E+02
       749  1.438140344936345E+02
       750  1.459081034826982E+02
       751  1.480446712171613E+02
       752  1.502814126737237E+02
       753  1.526162266396396E+02
       754  1.572987020465424E+02
       755  1.608601866676468E+02
       756  1.643885387327617E+02
       757  1.678356973763802E+02
       758  1.712554182961927E+02
       759  1.746582080458929E+02
       760  1.780631975272054E+02
       761  1.814702893884465E+02
       762  1.852836844693698E+02
       763  1.861388584069063E+02
       764  1.863514735116695E+02
       765  1.858874723203752E+02
       766  1.846833526726403E+02
       767  1.824985561704828E+02
       768  1.376442368382129E+02
       769  1.351961133760927E+02
       770  1.330907063133409E+02
       771  1.312228766460958E+02
       772  1.294902777314169E+02
       773  1.278683690250834E+02
       774  1.264029885849527E+02
       775  9.782479605402052E+01
       776  9.934783958899352E+01
       777  1.013134299880628E+02
       778  1.034565541048217E+02
       779  1.056584830792274E+02
       780  1.078823775906098E+02
       781  1.101172890066432E+02
       782  1.123649840696176E+02
       783  1.146415968812017E+02
       784  1.169990015023803E+02
       785  1.194735503943533E+02
       786  1.232984348003352E+02
       787  1.252904965511187E+02
       788  1.270991416421263E+02
       789  1.287561485534523E+02
       790  1.303146774536314E+02
       791  1.317773179427408E+02
       792  1.330890982403973E+02
       793  1.341167190145197E+02
       794  1.346720993122349E+02
       795  4.855971282869961E+01
       796  4.919241043878407E+01
       797  5.107256065571859E+01
       798  1.076067467260439E+02
       799  1.098048961569736E+02
       800  1.117682147138525E+02
       801  1.135184401987961E+02
       802  1.151412092220773E+02
       803  1.166550309425234E+02
       804  1.180047341143718E+02
       805  1.185411125545879E+02
       806  1.190948606120194E+02
       807  1.166260205877025E+02
       808  1.145097307066203E+02
       809  1.123165624885041E+02
       810  1.100963057325837E+02
       811  1.078644956968733E+02
       812  1.056230699539530E+02
       813  1.033628824258858E+02
       814  1.010543400919753E+02
       815  9.862172799772105E+01
       816  9.607389525868226E+01
       817  2.778595873314777E+01
       818  3.210564754367772E+01
       819  3.640869279643834E+01
       820  4.042450184693172E+01
       821  4.468703254097201E+01
       822  1.359829082934669E+02
       823  1.859488438574959E+02
       824  1.877617931128766E+02
       825  1.897794925778904E+02
       826  1.918271995873283E+02
       827  1.938700063495687E+02
       828  1.959122297014779E+02
       829  1.959540760915671E+02
       830  1.959731236744666E+02
       831  1.959423965240329E+02
       832  1.958545381958635E+02
       833  1.958169154012677E+02
       834  1.936821057057526E+02
       835  1.914737963951883E+02
       836  1.892311331512174E+02
       837  1.869483082434834E+02
       838  1.843573437301763E+02
       839  1.544848133662339E+02
       840  1.095799881544398E+02
       841  4.693600584702639E+01
       842  4.406444095190719E+01
       843  4.075909629184842E+01
       844  3.720562274118642E+01
       845  3.388886494189212E+01
       846  3.072637955127773E+01
       847  2.737628629382317E+01
       848  1.374770997036798E+02
       849  1.229448458035087E+02
       850  1.200407336843567E+02
       851  1.184892034514337E+02
       852  1.169019168585890E+02
       853  1.153152654537075E+02
       854  1.137455407099081E+02
       855  1.122114990267371E+02
       856  1.107717421779982E+02
       857  1.241929183069820E+02
       858  1.243214484463130E+02
       859  1.872189814420949E+02
       860  1.874272037350335E+02
       861  1.873787666376272E+02
       862  1.869175122499621E+02
       863  1.347437252850328E+02
       864  1.333723156980846E+02
       865  1.320690779942514E+02
       866  1.306669998948998E+02
       867  1.291088452535252E+02
       868  1.274875916818435E+02
       869  1.258752892683131E+02
       870  1.215080834494138E+02
       871  1.201347192120940E+02
       872  1.884156345980315E+02
       873  1.901668176448312E+02
       874  1.920356397790754E+02
       875  1.939720752957151E+02
       876  1.940305441145203E+02
       877  1.939913098094423E+02
       878  1.937468615647460E+02
       879  1.914602437144003E+02
       880  1.892222293739394E+02
       881  1.214967060179555E+02
       882  1.228888075857030E+02
       883  1.890136236288774E+02
       884  1.888130407974126E+02
       885  1.904447645224457E+02
       886  1.921848435092818E+02
       887  1.922281180300963E+02
       888  1.906199099707767E+02
       889  2.389705651963426E+01
       890  2.779433032535692E+01
       891  3.180045595498255E+01
       892  3.582538578924590E+01
       893  3.978047687460824E+01
       894  4.380383300113133E+01
       895  4.785211465027383E+01
       896  5.233245791458094E+01
       897  5.738352548000259E+01
       898  6.253823827120500E+01
       899  6.766073105226533E+01
       900  7.286554241485746E+01
       901  7.842935580050418E+01
       902  8.098164090792515E+01
       903  8.450097730802132E+01
       904  9.011368978103859E+01
       905  9.425550110090931E+01
       906  9.689702649674743E+01
       907  9.860920272977920E+01
       908  1.000718903175636E+02
       909  1.015185747078769E+02
       910  1.029663119090089E+02
       911  1.044160532753293E+02
       912  1.058668257944503E+02
       913  1.073171248084756E+02
       914  1.087787791506913E+02
       915  1.111675575780101E+02
       916  1.101778457575599E+02
       917  1.124743257884582E+02
       918  1.144009431849389E+02
       919  1.164477654030160E+02
       920  1.185057506351852E+02
       921  1.205664701603697E+02
       922  1.226272026142461E+02
       923  1.246879391924207E+02
       924  1.267486596686429E+02
       925  1.288092127820225E+02
       926  1.308671938805919E+02
       927  1.329154894386974E+02
       928  1.348751299546240E+02
       929  1.366846191031558E+02
       930  1.394220220583318E+02
       931  1.434924389143486E+02
       932  1.483989769239919E+02
       933  1.534563076184828E+02
       934  1.585228268647329E+02
       935  1.635931888494863E+02
       936  1.686650031953761E+02
       937  1.737523573550071E+02
       938  1.787135313707468E+02
       939  1.843305812389480E+02
       940  1.869547915026396E+02
       941  1.893857267943556E+02
       942  1.916299770034607E+02
       943  1.937746316047901E+02
       944  1.958692116626514E+02
       945  1.979395774908446E+02
       946  1.979558569941087E+02
       947  1.979708718157328E+02
       948  1.979788828394693E+02
       949  1.979628223417786E+02
       950  1.979329136999777E+02
       951  1.979180003391720E+02
       952  1.979219290181068E+02
       953  1.958222287542789E+02
       954  1.936909547027881E+02
       955  1.915107081903061E+02
       956  1.892674371979345E+02
       957  1.869155701024169E+02
       958  1.843489813151070E+02
       959  1.815451328321505E+02
       960  1.784787334234073E+02
       961  1.752193483512746E+02
       962  1.719015645029641E+02
       963  1.685591093035942E+02
       964  1.652108690310575E+02
       965  1.618952276872313E+02
       966  1.587079379305442E+02
       967  1.558993105211751E+02
       968  1.536538196651659E+02
       969  1.518876037460704E+02
       970  1.504998046455507E+02
       971  1.492226633938213E+02
       972  1.479303539010033E+02
       973  1.466282367457932E+02
       974  1.453213392761236E+02
       975  1.440247215576910E+02
       976  1.427248482025137E+02
       977  1.417935471885457E+02
       978  1.402843970048637E+02
       979  1.382628546008668E+02
       980  1.361186083326168E+02
       981  1.339985167092563E+02
       982  1.318802492229634E+02
       983  1.297621403116154E+02
       984  1.276440499202651E+02
       985  1.255259635359166E+02
       986  1.234078813402021E+02
       987  1.212898070338991E+02
       988  1.191717734568540E+02
       989  1.170540680487584E+02
       990  1.149396156932610E+02
       991  1.128430625924759E+02
       992  1.108682061045935E+02
       993  1.088188618842871E+02
       994  1.058911829361470E+02
       995  1.009153319501696E+02
       996  9.458278835499571E+01
       997  8.806788233572101E+01
       998  8.155173856073350E+01
       999  7.503634179864473E+01
      1000  6.852092687502348E+01
      1001  6.201035325600736E+01
      1002  5.572272980300462E+01
      1003  4.847009865897806E+01
      1004  4.488502907937909E+01
      1005  4.128129526107397E+01
      1006  3.767922869348136E+01
      1007  3.418637031040720E+01
      1008  3.075054737936116E+01
      1009  2.725975075961141E+01
      1010  2.367268913875591E+01
      1011  2.374451453556516E+01
      1012  2.387107793768469E+01
      1013  1.109500674203497E+02
      1014  1.524617927244721E+02
      1015  1.510552985676056E+02
      1016  1.492639396159316E+02
      1017  1.472473488630433E+02
      1018  1.451807535496276E+02
      1019  1.430695978358619E+02
      1020  1.409033186828289E+02
      1021  1.385830351764505E+02
      1022  1.360694910770635E+02
      1023  1.337047346332661E+02
      1024  1.315193329441963E+02
      1025  1.293539229683744E+02
      1026  1.271428118627038E+02
      1027  1.248615914290865E+02
      1028  1.210905921133781E+02
      1029  1.189928533562548E+02
      1030  1.171394969870435E+02
      1031  1.154783207612740E+02
      1032  1.139451421111867E+02
      1033  1.125832921365826E+02
      1034  1.115171555791591E+02
      1035  1.252189947414856E+02
      1036  1.257131596871026E+02
      1037  1.274600350332515E+02
      1038  1.293990873204413E+02
      1039  1.314179861913071E+02
      1040  1.334680367219698E+02
      1041  1.355308116020395E+02
      1042  1.375961618328014E+02
      1043  1.396643563035825E+02
      1044  1.417359878753862E+02
      1045  1.438135921591177E+02
      1046  1.459069925711247E+02
      1047  1.480418931856156E+02
      1048  1.502731409125691E+02
      1049  1.525973396274122E+02
      1050  1.573131583021878E+02
      1051  1.609611746115930E+02
      1052  1.643942772710594E+02
      1053  1.678495541956150E+02
      1054  1.712638597918923E+02
      1055  1.746670609099699E+02
      1056  1.780882623210107E+02
      1057  1.814766159100527E+02
      1058  1.852832179366369E+02
      1059  1.861405496258131E+02
      1060  1.863513396155654E+02
      1061  1.858854663697905E+02
      1062  1.846787893060161E+02
      1063  1.824816260177772E+02
      1064  1.376663424901901E+02
      1065  1.352077815961158E+02
      1066  1.330881441799414E+02
      1067  1.312304448584468E+02
      1068  1.295192039006965E+02
      1069  1.278698550490364E+02
      1070  1.264054430314766E+02
      1071  9.782083768260331E+01
      1072  9.934633782407111E+01
      1073  1.013130404724852E+02
      1074  1.034564777352671E+02
      1075  1.056584598277580E+02
      1076  1.078823665012491E+02
      1077  1.101185586732891E+02
      1078  1.123649580267582E+02
      1079  1.146415173848492E+02
      1080  1.169994110837843E+02
      1081  1.194758186264816E+02
      1082  1.232990206990785E+02
      1083  1.252918785999932E+02
      1084  1.270999952394307E+02
      1085  1.287564791776121E+02
      1086  1.303096257595689E+02
      1087  1.317768791894299E+02
      1088  1.330891891867542E+02
      1089  1.341207578163502E+02
      1090  1.346837274766526E+02
      1091  4.859492445590345E+01
      1092  4.920721957331740E+01
      1093  5.113111120563718E+01
      1094  1.075933601000859E+02
      1095  1.098147418619856E+02
      1096  1.117693704832489E+02
      1097  1.135181304839146E+02
      1098  1.151390842757370E+02
      1099  1.166276594420858E+02
      1100  1.180013043153517E+02
      1101  1.185462861918975E+02
      1102  1.190929313518305E+02
      1103  1.166288751564069E+02
      1104  1.145105929788950E+02
      1105  1.123168835953297E+02
      1106  1.100964436967644E+02
      1107  1.078646131714871E+02
      1108  1.056233033685438E+02
      1109  1.033634955602768E+02
      1110  1.010558717965853E+02
      1111  9.862534362282166E+01
      1112  9.605928659258856E+01
      1113  2.778841010688992E+01
      1114  3.210009224720410E+01
      1115  3.641260046215276E+01
      1116  4.042445640223606E+01
      1117  4.469797836147134E+01
      1118  1.360045592601781E+02
      1119  1.859424330376173E+02
      1120  1.877603536853595E+02
      1121  1.897797770770651E+02
      1122  1.918276432707485E+02
      1123  1.938703427003457E+02
      1124  1.959124569195824E+02
      1125  1.959542172632961E+02
      1126  1.959731909664248E+02
      1127  1.959423686393467E+02
      1128  1.958567385878663E+02
      1129  1.958169233806536E+02
      1130  1.936817491798764E+02
      1131  1.914732260850140E+02
      1132  1.892095974745581E+02
      1133  1.869447251125705E+02
      1134  1.843553454398783E+02
      1135  1.544793790520415E+02
      1136  1.095688812937503E+02
      1137  4.694230134453303E+01
      1138  4.406061526427650E+01
      1139  4.075747786282679E+01
      1140  3.720573854458426E+01
      1141  3.388886527568061E+01
      1142  3.072637976058252E+01
      1143  2.737687515491482E+01
      1144  1.374771001262399E+02
      1145  1.229350921052355E+02
      1146  1.200393184015136E+02
      1147  1.184887998313948E+02
      1148  1.169009472424160E+02
      1149  1.153152678626973E+02
      1150  1.137455157502259E+02
      1151  1.122112135143201E+02
      1152  1.107692245208591E+02
      1153  1.241910627394159E+02
      1154  1.243230145314549E+02
      1155  1.872174854054153E+02
      1156  1.874268265651049E+02
      1157  1.873779452562660E+02
      1158  1.869142212174488E+02
      1159  1.347603259286059E+02
      1160  1.333705727352942E+02
      1161  1.320690108705937E+02
      1162  1.306559825750098E+02
      1163  1.291088143763783E+02
      1164  1.275247111945747E+02
      1165  1.258778999067172E+02
      1166  1.215119281243300E+02
      1167  1.201390430086186E+02
      1168  1.884138623910538E+02
      1169  1.901662309371625E+02
      1170  1.920356698439879E+02
      1171  1.939722304138610E+02
      1172  1.940306067717500E+02
      1173  1.939910867910704E+02
      1174  1.937469291960462E+02
      1175  1.914584838002830E+02
      1176  1.891989531324881E+02
      1177  1.214960149655680E+02
      1178  1.228897592848833E+02
      1179  1.890118649780563E+02
      1180  1.888121318494756E+02
      1181  1.904441775110428E+02
      1182  1.921847588460942E+02
      1183  1.922280000292472E+02
      1184  1.906197204243482E+02
      1185  2.000000000000000E+02
      1186  2.000000000000000E+02
      1187  2.000000000000000E+02
      1188  2.000000000000000E+02
      1189  2.000000000000000E+02
      1190  2.000000000000000E+02
      1191  2.000000000000000E+02
      1192  2.000000000000000E+02
      1193  2.000000000000000E+02
      1194  2.000000000000000E+02
      1195  2.000000000000000E+02
      1196  2.000000000000000E+02
      1197  2.000000000000000E+02
      1198  2.000000000000000E+02
      1199  2.000000000000000E+02
      1200  2.000000000000000E+02
      1201  2.000000000000000E+02
      1202  2.000000000000000E+02
      1203  2.000000000000000E+02
      1204  2.000000000000000E+02
      1205  2.000000000000000E+02
      1206  2.000000000000000E+02
      1207  2.000000000000000E+02
      1208  2.000000000000000E+02
      1209  1.863646826427022E+02
      1210  1.863646829323864E+02
      1211  1.863646833396394E+02
      1212  1.891360018382768E+02
      1213  1.891360019531419E+02
      1214  1.891360021593403E+02
      1215  1.915133561762512E+02
      1216  1.915133562317000E+02
      1217  1.915133563486991E+02
      1218  1.937206614324164E+02
      1219  1.937206614686761E+02
      1220  1.937206615476555E+02
      1221  1.958461188381364E+02
      1222  1.958461188692482E+02
      1223  1.958461189278800E+02
      1224  1.979303622113944E+02
      1225  1.979303622352887E+02
      1226  1.979303622682595E+02
      1227  1.112595901603807E+02
      1228  1.112595902496094E+02
      1229  1.112595906232399E+02
      1230  1.125192392248932E+02
      1231  1.125192393776019E+02
      1232  1.125192398789832E+02
      1233  1.142924503218674E+02
      1234  1.142924505298373E+02
      1235  1.142924511495831E+02
      1236  1.162693702132506E+02
      1237  1.162693704688680E+02
      1238  1.162693712069177E+02
      1239  1.182422050854164E+02
      1240  1.182422331069919E+02
      1241  1.182422158276962E+02
      1242  1.202944295427870E+02
      1243  1.202944574015397E+02
      1244  1.202944387213129E+02
      1245  1.223131637846629E+02
      1246  1.223131959718765E+02
      1247  1.223131788527928E+02
      1248  1.243298056609993E+02
      1249  1.243298370474860E+02
      1250  1.243298175400520E+02
      1251  1.263473967460740E+02
      1252  1.263474339587235E+02
      1253  1.263474167302063E+02
      1254  1.283690675928530E+02
      1255  1.283690763910665E+02
      1256  1.283690666760787E+02
      1257  1.303751913362467E+02
      1258  1.303751917417826E+02
      1259  1.303751928207856E+02
      1260  1.323766488233291E+02
      1261  1.323766491919991E+02
      1262  1.323766502218034E+02
      1263  1.342917134007049E+02
      1264  1.342917145253396E+02
      1265  1.342917145847334E+02
      1266  1.365603626917397E+02
      1267  1.365603630434744E+02
      1268  1.365603640413782E+02
      1269  1.393280950676178E+02
      1270  1.393280953120631E+02
      1271  1.393280964641852E+02
      1272  1.430030123141725E+02
      1273  1.430030126292416E+02
      1274  1.430030143876563E+02
      1275  1.476351807581417E+02
      1276  1.476351799415181E+02
      1277  1.476351809382792E+02
      1278  1.526645679841733E+02
      1279  1.526645688179082E+02
      1280  1.526645683272960E+02
      1281  1.578013655119856E+02
      1282  1.578013668325795E+02
      1283  1.578013678879581E+02
      1284  1.629580250069642E+02
      1285  1.629580250050197E+02
      1286  1.629580273921296E+02
      1287  1.681335870594578E+02
      1288  1.681335865236485E+02
      1289  1.681335872922038E+02
      1290  1.734117861084048E+02
      1291  1.734117867620168E+02
      1292  1.734117868288823E+02
      1293  1.308729696110102E+02
      1294  1.308729703193242E+02
      1295  1.308729712103994E+02
      1296  1.288096357180108E+02
      1297  1.288096361979123E+02
      1298  1.288096372660555E+02
      1299  1.267486958548309E+02
      1300  1.267486963608875E+02
      1301  1.267486974508091E+02
      1302  1.246879408219560E+02
      1303  1.246879413280126E+02
      1304  1.246879423692696E+02
      1305  1.226272023766745E+02
      1306  1.226272028624246E+02
      1307  1.226272038692126E+02
      1308  1.205664558407770E+02
      1309  1.205664562359888E+02
      1310  1.205664571581112E+02
      1311  1.185055684628318E+02
      1312  1.185055688036777E+02
      1313  1.185055696830135E+02
      1314  1.164428301194541E+02
      1315  1.164428304602999E+02
      1316  1.164428311830290E+02
      1317  1.143545704444440E+02
      1318  1.143545705540317E+02
      1319  1.143545711672410E+02
      1320  1.855041656105778E+02
      1321  1.855041655847369E+02
      1322  1.855041655534102E+02
      1323  1.858810548271582E+02
      1324  1.858810547834567E+02
      1325  1.858810548050293E+02
      1326  1.854005971674046E+02
      1327  1.854005971515752E+02
      1328  1.854005972227620E+02
      1329  1.840601449368154E+02
      1330  1.840601450762563E+02
      1331  1.840601452145940E+02
      1332  1.816654840908997E+02
      1333  1.816654845912630E+02
      1334  1.816654849774570E+02
      1335  1.780834362801727E+02
      1336  1.780834371828972E+02
      1337  1.780834378581609E+02
      1338  1.735732206041566E+02
      1339  1.735732209852025E+02
      1340  1.735732197256460E+02
      1341  1.686355966717831E+02
      1342  1.686355959309803E+02
      1343  1.686355932519658E+02
      1344  1.635884946096664E+02
      1345  1.635884920363980E+02
      1346  1.635884898588129E+02
      1347  1.585197195906078E+02
      1348  1.585197185000703E+02
      1349  1.585197244637891E+02
      1350  1.534372102680157E+02
      1351  1.534372104411725E+02
      1352  1.534342163397405E+02
      1353  1.482773709070339E+02
      1354  1.482773701369713E+02
      1355  1.482773696583036E+02
      1356  1.249882493719124E+02
      1357  1.249882492975003E+02
      1358  1.249882493728989E+02
      1359  1.269700151168478E+02
      1360  1.269700150546576E+02
      1361  1.269700152109893E+02
      1362  1.286812987507015E+02
      1363  1.286812987189595E+02
      1364  1.286812989889318E+02
      1365  1.302435276530449E+02
      1366  1.302435276688220E+02
      1367  1.302435281115685E+02
      1368  1.316671812681893E+02
      1369  1.316671814068089E+02
      1370  1.316671819943769E+02
      1371  1.328790923231735E+02
      1372  1.328790925701310E+02
      1373  1.328790932275360E+02
      1374  1.336901134387565E+02
      1375  1.336901137306462E+02
      1376  1.336901144575475E+02
      1377  1.088707546705764E+02
      1378  1.088707547077007E+02
      1379  1.088707549150691E+02
      1380  1.073372749460088E+02
      1381  1.073372749445405E+02
      1382  1.073372750775005E+02
      1383  1.058690196416825E+02
      1384  1.058690196195537E+02
      1385  1.058696612956835E+02
      1386  1.044169999295082E+02
      1387  1.044169998871251E+02
      1388  1.044169999102369E+02
      1389  1.029690940985892E+02
      1390  1.029690940465096E+02
      1391  1.029690940126265E+02
      1392  1.015271809540113E+02
      1393  1.015271809008793E+02
      1394  1.015271808044032E+02
      1395  1.001137568873953E+02
      1396  1.001137568400067E+02
      1397  1.001137567023248E+02
      1398  1.606520263572450E+02
      1399  1.606520263634920E+02
      1400  1.606520263408440E+02
      1401  1.643143531007820E+02
      1402  1.643143530896365E+02
      1403  1.643143529853598E+02
      1404  1.678088266288592E+02
      1405  1.678088265978691E+02
      1406  1.678088264875701E+02
      1407  1.712474601083981E+02
      1408  1.712474600394687E+02
      1409  1.712474598712031E+02
      1410  1.746774179317878E+02
      1411  1.746774178552347E+02
      1412  1.746774176900202E+02
      1413  1.781709542324549E+02
      1414  1.781709541627203E+02
      1415  1.781709539975058E+02
      1416  1.357301595755906E+02
      1417  1.357301596553137E+02
      1418  1.357301601724475E+02
      1419  1.333012696563388E+02
      1420  1.333012697719209E+02
      1421  1.333012702548328E+02
      1422  1.313352130140370E+02
      1423  1.313352131611351E+02
      1424  1.313352135934697E+02
      1425  1.295812117569675E+02
      1426  1.295812118543539E+02
      1427  1.295812122107057E+02
      1428  1.279932734522790E+02
      1429  1.279932735496653E+02
      1430  1.279932737335412E+02
      1431  1.266592932640040E+02
      1432  1.266592932998684E+02
      1433  1.266592934695951E+02
      1434  1.979478251414375E+02
      1435  1.979478251414571E+02
      1436  1.979478251303549E+02
      1437  1.958588519949542E+02
      1438  1.958588519859274E+02
      1439  1.958588519565522E+02
      1440  1.937463731096823E+02
      1441  1.937463731006814E+02
      1442  1.937463730563146E+02
      1443  1.915997707910605E+02
      1444  1.915997739564958E+02
      1445  1.915997739054865E+02
      1446  1.893917073447364E+02
      1447  1.893917073112772E+02
      1448  1.893917072386460E+02
      1449  1.870728155360115E+02
      1450  1.870728154871333E+02
      1451  1.870728153934644E+02
      1452  1.845793012154492E+02
      1453  1.845793011706780E+02
      1454  1.845793010588509E+02
      1455  1.818526753820427E+02
      1456  1.818526753456764E+02
      1457  1.818526752120185E+02
      1458  1.788931435567710E+02
      1459  1.788931435257528E+02
      1460  1.788931433757895E+02
      1461  1.757588886928059E+02
      1462  1.757588886952964E+02
      1463  1.757588885417746E+02
      1464  1.725305529250190E+02
      1465  1.725305529374214E+02
      1466  1.725305527280699E+02
      1467  1.692560573263284E+02
      1468  1.692560573351026E+02
      1469  1.692547755946476E+02
      1470  1.659646966513818E+02
      1471  1.659757263309077E+02
      1472  1.659757261176050E+02
      1473  1.627450773172708E+02
      1474  1.627450801770233E+02
      1475  1.627450801952567E+02
      1476  1.596645344361881E+02
      1477  1.596059391489548E+02
      1478  1.596059391340019E+02
      1479  1.568807980839565E+02
      1480  1.568807981335863E+02
      1481  1.568807981374320E+02
      1482  1.544990946987540E+02
      1483  1.544990947425622E+02
      1484  1.544990947632360E+02
      1485  1.526041372403003E+02
      1486  1.526041372841086E+02
      1487  1.526041373404558E+02
      1488  1.510479574182264E+02
      1489  1.510479574378604E+02
      1490  1.510479575183060E+02
      1491  1.496746308443630E+02
      1492  1.496746308839119E+02
      1493  1.496746309643574E+02
      1494  1.483618537266685E+02
      1495  1.483618537718277E+02
      1496  1.483618539239273E+02
      1497  1.470559968614226E+02
      1498  1.470559969123191E+02
      1499  1.470559970783118E+02
      1500  1.457501351383200E+02
      1501  1.457501351892166E+02
      1502  1.457501353909126E+02
      1503  1.444617460530398E+02
      1504  1.444617460589565E+02
      1505  1.444617462776624E+02
      1506  1.432775385370705E+02
      1507  1.432775385155116E+02
      1508  1.432775387390794E+02
      1509  1.423815642099016E+02
      1510  1.423815641529678E+02
      1511  1.423815643848828E+02
      1512  1.276379517122508E+02
      1513  1.276379517311485E+02
      1514  1.276379519056523E+02
      1515  1.294691944662555E+02
      1516  1.294691944958414E+02
      1517  1.294691947129588E+02
      1518  1.314449274751138E+02
      1519  1.314449275170146E+02
      1520  1.314449277800539E+02
      1521  1.334791403363685E+02
      1522  1.334791403826927E+02
      1523  1.334791406789568E+02
      1524  1.355340632587340E+02
      1525  1.355340632720780E+02
      1526  1.355340636209436E+02
      1527  1.375980173405603E+02
      1528  1.375980173612242E+02
      1529  1.375980177064499E+02
      1530  1.396669460143762E+02
      1531  1.396669460548649E+02
      1532  1.396669463650119E+02
      1533  1.417410674603619E+02
      1534  1.417410675200469E+02
      1535  1.417410678019407E+02
      1536  1.438279302405894E+02
      1537  1.438279302940722E+02
      1538  1.438279305378925E+02
      1539  1.459456565818473E+02
      1540  1.459456566342462E+02
      1541  1.459456568399627E+02
      1542  1.481490873312985E+02
      1543  1.481490873863780E+02
      1544  1.481490875571602E+02
      1545  1.506012453360869E+02
      1546  1.506012453959856E+02
      1547  1.506012455252325E+02
      1548  9.970745326956907E+01
      1549  9.970745319643704E+01
      1550  9.970745295783803E+01
      1551  1.014560298215369E+02
      1552  1.014560297265873E+02
      1553  1.014560294550692E+02
      1554  1.035089626695777E+02
      1555  1.035089625564625E+02
      1556  1.035089622472766E+02
      1557  1.056784082254800E+02
      1558  1.056784080903799E+02
      1559  1.056784077667792E+02
      1560  1.078924326315627E+02
      1561  1.078924324964626E+02
      1562  1.078924321710285E+02
      1563  1.101290491069073E+02
      1564  1.101290489753944E+02
      1565  1.101290486580965E+02
      1566  1.123922263252071E+02
      1567  1.123922262038480E+02
      1568  1.123922259251836E+02
      1569  1.147180892096640E+02
      1570  1.147180890923077E+02
      1571  1.147180888508059E+02
      1572  1.172525082830207E+02
      1573  1.172525081694766E+02
      1574  1.172525079849297E+02
      1575  1.501898967469192E+02
      1576  1.501898967692217E+02
      1577  1.501898968933605E+02
      1578  1.485373046951731E+02
      1579  1.485373046399195E+02
      1580  1.485373047769030E+02
      1581  1.465789189516137E+02
      1582  1.465789188963601E+02
      1583  1.465789190108281E+02
      1584  1.445007619963350E+02
      1585  1.445007619124065E+02
      1586  1.445007620547895E+02
      1587  1.423763491465473E+02
      1588  1.423763490650811E+02
      1589  1.423763492583796E+02
      1590  1.402346184947587E+02
      1591  1.402346184787988E+02
      1592  1.402346186720974E+02
      1593  1.380857810673784E+02
      1594  1.380857810575346E+02
      1595  1.380857813960066E+02
      1596  1.359320031914375E+02
      1597  1.359320031815936E+02
      1598  1.359320035249144E+02
      1599  1.337699549537970E+02
      1600  1.337699549948659E+02
      1601  1.337699552482469E+02
      1602  1.315869046880970E+02
      1603  1.315868910725344E+02
      1604  1.315868913259154E+02
      1605  1.293449436548623E+02
      1606  1.293449451836627E+02
      1607  1.293449453773383E+02
      1608  1.269307610405806E+02
      1609  1.269307761377691E+02
      1610  1.269307762418155E+02
      1611  1.164345557533126E+02
      1612  1.164345557355538E+02
      1613  1.164345555733983E+02
      1614  1.144340435645629E+02
      1615  1.144340435449130E+02
      1616  1.144340433024616E+02
      1617  1.122877649263167E+02
      1618  1.122877649368710E+02
      1619  1.122877646898323E+02
      1620  1.100835190392104E+02
      1621  1.100835190868042E+02
      1622  1.100835187972005E+02
      1623  1.078533750612950E+02
      1624  1.078533751061214E+02
      1625  1.078533747734098E+02
      1626  1.056008218865423E+02
      1627  1.056008219180954E+02
      1628  1.056008215887921E+02
      1629  1.033035212148581E+02
      1630  1.033035212671928E+02
      1631  1.033035209842284E+02
      1632  1.008859843173205E+02
      1633  1.008859843606839E+02
      1634  1.008859841050761E+02
      1635  9.811899123668479E+01
      1636  9.811899129796561E+01
      1637  9.811899110959681E+01
      1638  2.387521329243035E+01
      1639  2.387521335711928E+01
      1640  2.387521346931097E+01
      1641  2.770278149045886E+01
      1642  2.770278154000068E+01
      1643  2.770278168056775E+01
      1644  3.152333747344195E+01
      1645  3.152333750797631E+01
      1646  3.152333773154153E+01
      1647  3.533284718919619E+01
      1648  3.533284727241795E+01
      1649  3.533284756563105E+01
      1650  3.913174237045320E+01
      1651  3.913174245367495E+01
      1652  3.913174279574965E+01
      1653  4.294193008231322E+01
      1654  4.294193018040187E+01
      1655  4.294193054486005E+01
      1656  4.684365561131877E+01
      1657  4.684365547513792E+01
      1658  4.684365583959610E+01
      1659  5.098315083464516E+01
      1660  5.098315069846431E+01
      1661  5.098315106927556E+01
      1662  5.552538358454314E+01
      1663  5.552538367068271E+01
      1664  5.552538410591731E+01
      1665  6.042112230867615E+01
      1666  6.042112244986019E+01
      1667  6.042112286061570E+01
      1668  6.545413374324517E+01
      1669  6.545413392891639E+01
      1670  6.545413439485229E+01
      1671  7.051600709266781E+01
      1672  7.051600726699961E+01
      1673  7.051600758540961E+01
      1674  7.557911595379214E+01
      1675  7.557906618456809E+01
      1676  7.557903245765344E+01
      1677  8.063666788408275E+01
      1678  8.063666788865707E+01
      1679  8.063666801330250E+01
      1680  8.553472237855877E+01
      1681  8.553472237463593E+01
      1682  8.553472236358211E+01
      1683  8.997950357398722E+01
      1684  8.997950361349966E+01
      1685  8.997950348803136E+01
      1686  9.368387143000962E+01
      1687  9.368306170884276E+01
      1688  9.368306162025971E+01
      1689  9.640332709694118E+01
      1690  9.640350157548755E+01
      1691  9.640350144429780E+01
      1692  9.843277846986405E+01
      1693  9.843283173752791E+01
      1694  9.843283158828783E+01
      1695  1.001242880350103E+02
      1696  1.001242879646516E+02
      1697  1.001242878285248E+02
      1698  1.017031057290585E+02
      1699  1.017031056847822E+02
      1700  1.017031055559285E+02
      1701  1.032547494264564E+02
      1702  1.032547493477517E+02
      1703  1.032547493233741E+02
      1704  1.048003476186857E+02
      1705  1.048003475938931E+02
      1706  1.048003476173928E+02
      1707  1.063402048659162E+02
      1708  1.063402048373331E+02
      1709  1.063402048909398E+02
      1710  1.078549882650844E+02
      1711  1.078549882475576E+02
      1712  1.078549884358722E+02
      1713  1.092618393694058E+02
      1714  1.092618393760076E+02
      1715  1.092618395641714E+02
      1716  1.102795493850008E+02
      1717  1.102795494023411E+02
      1718  1.102795496613866E+02
      1719  1.434529929850987E+02
      1720  1.434529930118614E+02
      1721  1.434529932074748E+02
      1722  1.448665986117656E+02
      1723  1.448665986680631E+02
      1724  1.448665988421895E+02
      1725  1.462021132845032E+02
      1726  1.462021133408008E+02
      1727  1.462021134779226E+02
      1728  1.475096567862117E+02
      1729  1.475096568472818E+02
      1730  1.475096569741088E+02
      1731  1.487959765378941E+02
      1732  1.487959765774351E+02
      1733  1.487959766919957E+02
      1734  1.500411017195634E+02
      1735  1.500411017591044E+02
      1736  1.500411018372551E+02
      1737  1.192407961901047E+02
      1738  1.192407961556779E+02
      1739  1.192407961329175E+02
      1740  1.172459626904655E+02
      1741  1.172459626741006E+02
      1742  1.172459626373525E+02
      1743  1.155610930421325E+02
      1744  1.155610930289361E+02
      1745  1.155610929833043E+02
      1746  1.140265641254104E+02
      1747  1.140265641319347E+02
      1748  1.140265641027148E+02
      1749  1.127387880977260E+02
      1750  1.127387881082268E+02
      1751  1.127387880918946E+02
      1752  1.118688756152991E+02
      1753  1.118688756283189E+02
      1754  1.118688756400679E+02
      1755  1.089969675528227E+02
      1756  1.089969675736128E+02
      1757  1.089969675869978E+02
      1758  1.114563363814750E+02
      1759  1.114563363932999E+02
      1760  1.114563363817561E+02
      1761  1.133713418321247E+02
      1762  1.133713418380147E+02
      1763  1.133713418154480E+02
      1764  1.150183230411940E+02
      1765  1.150183230458678E+02
      1766  1.150183229958975E+02
      1767  1.165158915727227E+02
      1768  1.165158915533345E+02
      1769  1.165158915024476E+02
      1770  1.177336448311645E+02
      1771  1.177336447971044E+02
      1772  1.177336447298334E+02
      1773  8.509271500282186E+01
      1774  8.509311572492436E+01
      1775  8.509311563768107E+01
      1776  7.991304596249185E+01
      1777  7.991304597842755E+01
      1778  7.991304609650261E+01
      1779  7.483511876652027E+01
      1780  7.483511889472315E+01
      1781  7.483511901279820E+01
      1782  6.977296014010025E+01
      1783  6.977296032066972E+01
      1784  6.977296062691697E+01
      1785  6.470398979814129E+01
      1786  6.470398998748659E+01
      1787  6.470399036612955E+01
      1788  5.958751437739118E+01
      1789  5.958751446247400E+01
      1790  5.958751495333398E+01
      1791  1.147614055415383E+02
      1792  1.147614055483937E+02
      1793  1.147614056955930E+02
      1794  1.168839974997807E+02
      1795  1.168839974783229E+02
      1796  1.168839977026002E+02
      1797  1.190024855158851E+02
      1798  1.190025016480798E+02
      1799  1.190025019841425E+02
      1800  1.211205976038643E+02
      1801  1.211205958426587E+02
      1802  1.211205961783618E+02
      1803  1.232386799032047E+02
      1804  1.232386798459039E+02
      1805  1.232386805778280E+02
      1806  1.253567644032607E+02
      1807  1.253567645270522E+02
      1808  1.253567651020815E+02
      1809  1.274748492829109E+02
      1810  1.274748496092682E+02
      1811  1.274748498028390E+02
      1812  1.295929389844844E+02
      1813  1.295929367773271E+02
      1814  1.295929371781360E+02
      1815  1.317110433430419E+02
      1816  1.317110433139702E+02
      1817  1.317110438645022E+02
      1818  1.338293499040361E+02
      1819  1.338293498719919E+02
      1820  1.338293502771505E+02
      1821  1.359494293605860E+02
      1822  1.359494293657595E+02
      1823  1.359494297534424E+02
      1824  1.380982894614917E+02
      1825  1.380982894853356E+02
      1826  1.380982898566223E+02
      1827  5.040472842888009E+01
      1828  5.040472842919154E+01
      1829  5.040472883246242E+01
      1830  5.211634156731660E+01
      1831  5.211634158678332E+01
      1832  5.211634204085252E+01
      1833  5.625786564600583E+01
      1834  5.625786567053113E+01
      1835  5.625786616463152E+01
      1836  6.210497550944866E+01
      1837  6.210497551831898E+01
      1838  6.210497601926031E+01
      1839  6.852687526821121E+01
      1840  6.852687525536501E+01
      1841  6.852687571516681E+01
      1842  7.503598306696682E+01
      1843  7.503598304112151E+01
      1844  7.503598342696823E+01
      1845  8.155259172535509E+01
      1846  8.155259168972151E+01
      1847  8.155228594197504E+01
      1848  8.807557022373399E+01
      1849  8.807557022027518E+01
      1850  8.807195892331936E+01
      1851  9.466334551923184E+01
      1852  9.466334554109393E+01
      1853  9.466334572578792E+01
      1854  1.414410627486289E+02
      1855  1.414410626887279E+02
      1856  1.414410629957185E+02
      1857  1.402079800150163E+02
      1858  1.402079800178933E+02
      1859  1.402079803825793E+02
      1860  1.383599693295924E+02
      1861  1.383599693452244E+02
      1862  1.383599697109065E+02
      1863  1.362825373315500E+02
      1864  1.362825373133215E+02
      1865  1.362825376916788E+02
      1866  1.341673509635652E+02
      1867  1.341673509314935E+02
      1868  1.341673512308836E+02
      1869  1.320494151900265E+02
      1870  1.320494076331956E+02
      1871  1.320494081388930E+02
      1872  1.299313363799529E+02
      1873  1.299313372526709E+02
      1874  1.299313376978154E+02
      1875  1.278132487047953E+02
      1876  1.278132513534388E+02
      1877  1.278132519206998E+02
      1878  1.256951641062187E+02
      1879  1.256951637451857E+02
      1880  1.256951642912234E+02
      1881  1.235770811434197E+02
      1882  1.235770810532116E+02
      1883  1.235770792168044E+02
      1884  1.214589997281424E+02
      1885  1.214589998655023E+02
      1886  1.214590001447550E+02
      1887  1.193409240862030E+02
      1888  1.193409241225819E+02
      1889  1.193409243554634E+02
      1890  1.172232454937051E+02
      1891  1.172232454413004E+02
      1892  1.172232457470201E+02
      1893  1.151082917000996E+02
      1894  1.151082916859269E+02
      1895  1.151082918460629E+02
      1896  1.130109467715855E+02
      1897  1.130109467714551E+02
      1898  1.130109468816492E+02
      1899  1.109170001799678E+02
      1900  1.109170001978074E+02
      1901  1.109170002731110E+02
      1902  1.085576586503469E+02
      1903  1.085576586910010E+02
      1904  1.085576587661572E+02
      1905  1.052911108963375E+02
      1906  1.052911109434759E+02
      1907  1.052911110430750E+02
      1908  1.005178357025992E+02
      1909  1.005178357340459E+02
      1910  1.005178358700104E+02
      1911  9.450717038932299E+01
      1912  9.450717040141502E+01
      1913  9.450717059552520E+01
      1914  8.806628140747617E+01
      1915  8.806628140025083E+01
      1916  8.805926771432659E+01
      1917  8.155184902771880E+01
      1918  8.155184899973341E+01
      1919  8.155184922564219E+01
      1920  7.503504566830696E+01
      1921  7.503504558258118E+01
      1922  7.503504605921573E+01
      1923  6.851213709908157E+01
      1924  6.851213707360559E+01
      1925  6.851213753802412E+01
      1926  6.189827128738295E+01
      1927  6.189827130118060E+01
      1928  6.189827182922996E+01
      1929  4.596271613910795E+01
      1930  4.596271597532279E+01
      1931  4.596271634357306E+01
      1932  4.189313529712356E+01
      1933  4.189313513514019E+01
      1934  4.189313546454856E+01
      1935  3.812335728723411E+01
      1936  3.812335722956306E+01
      1937  3.812335752278266E+01
      1938  3.446166277219805E+01
      1939  3.446166270469860E+01
      1940  3.446166294742266E+01
      1941  3.083958952504703E+01
      1942  3.083958945063029E+01
      1943  3.083958962410636E+01
      1944  2.723486600684735E+01
      1945  2.723486594736175E+01
      1946  2.723486605643222E+01
      1947  2.363794644749502E+01
      1948  2.363794641683760E+01
      1949  2.363794650111654E+01
      1950  2.004459253654468E+01
      1951  2.004459253715127E+01
      1952  2.004459253842515E+01
      1953  2.004453617374256E+01
      1954  2.004453617592419E+01
      1955  2.004453617812986E+01
      1956  2.004448566938434E+01
      1957  2.004448567044809E+01
      1958  2.004448567306069E+01
      1959  2.004446696093092E+01
      1960  2.004446696244044E+01
      1961  2.004446696504343E+01
      1962  9.860920242518277E+01
      1963  9.689702622571731E+01
      1964  9.782083727016240E+01
      1965  9.934633730201298E+01
      1966  1.013130398658645E+02
      1967  1.034564770288563E+02
      1968  1.056584590469137E+02
      1969  1.078823657464510E+02
      1970  1.101185579517115E+02
      1971  1.123649573727187E+02
      1972  1.146415168230724E+02
      1973  1.169994105929685E+02
      1974  1.194758182768272E+02
      1975  1.215119279563532E+02
      1976  1.232990206487109E+02
      1977  1.252918785972446E+02
      1978  1.270999953757810E+02
      1979  1.287564795911503E+02
      1980  1.303096264621551E+02
      1981  1.317768802570912E+02
      1982  1.330891905754607E+02
      1983  1.341207594129016E+02
      1984  1.346837292369113E+02
      1985  1.348751318261170E+02
      1986  1.329154913676134E+02
      1987  1.308671959426474E+02
      1988  1.288092150329157E+02
      1989  1.267486790525865E+02
      1990  1.246879414038568E+02
      1991  1.226272047350107E+02
      1992  1.205664720310392E+02
      1993  1.185059586251892E+02
      1994  1.164477668256918E+02
      1995  1.144009444070756E+02
      1996  1.124743267361810E+02
      1997  1.111675581745391E+02
      1998  1.101778461877761E+02
      1999  1.087787794444034E+02
      2000  1.073236213439076E+02
      2001  1.058668258051188E+02
      2002  1.044160531766492E+02
      2003  1.029663117496880E+02
      2004  1.015185744532220E+02
      2005  1.000718900151957E+02
      2006  1.252189949184640E+02
      2007  1.241910628260547E+02
      2008  1.257131598712747E+02
      2009  1.274600352457627E+02
      2010  1.293990875966362E+02
      2011  1.314179864854922E+02
      2012  1.334680758681614E+02
      2013  1.355308121463356E+02
      2014  1.375961623618085E+02
      2015  1.396643567577534E+02
      2016  1.417359882994288E+02
      2017  1.438107771335104E+02
      2018  1.459069928340460E+02
      2019  1.480418934351192E+02
      2020  1.502731411348913E+02
      2021  1.525973398149438E+02
      2022  1.544793793253110E+02
      2023  1.573131584984941E+02
      2024  1.609267484160065E+02
      2025  1.643942770391542E+02
      2026  1.678495539889305E+02
      2027  1.712638594662041E+02
      2028  1.746670605089601E+02
      2029  1.780882618116167E+02
      2030  1.814766156495214E+02
      2031  1.843553453225272E+02
      2032  1.852832178072742E+02
      2033  1.861405495596868E+02
      2034  1.863513396641721E+02
      2035  1.858854664675072E+02
      2036  1.846787896661363E+02
      2037  1.824816275263427E+02
      2038  1.787135339024319E+02
      2039  1.737523579594059E+02
      2040  1.686650016554728E+02
      2041  1.635931897673842E+02
      2042  1.585228301423097E+02
      2043  1.534563089063869E+02
      2044  1.483989763443071E+02
      2045  1.434924391276228E+02
      2046  1.394220235233130E+02
      2047  1.376663437150408E+02
      2048  1.352077826753402E+02
      2049  1.330881451914751E+02
      2050  1.312304458839579E+02
      2051  1.295192047242930E+02
      2052  1.278698554469429E+02
      2053  1.264054432738651E+02
      2054  9.458278859035752E+01
      2055  1.248615914990242E+02
      2056  1.228897592352698E+02
      2057  1.243230145620170E+02
      2058  1.258779000157237E+02
      2059  1.275247114841681E+02
      2060  1.291088149646648E+02
      2061  1.360045608923267E+02
      2062  1.366846209897570E+02
      2063  1.347603273304393E+02
      2064  1.306559834808696E+02
      2065  1.128430627512005E+02
      2066  1.402843975750907E+02
      2067  1.524617929718097E+02
      2068  1.510552987864579E+02
      2069  1.492639398369429E+02
      2070  1.472473490379955E+02
      2071  1.451807536446368E+02
      2072  1.430695980944246E+02
      2073  1.409033189857853E+02
      2074  1.337047348130858E+02
      2075  1.315193332745925E+02
      2076  1.293539231441241E+02
      2077  1.271428119514504E+02
      2078  1.843489811629352E+02
      2079  1.869447249782140E+02
      2080  1.872174852515754E+02
      2081  1.874268265182452E+02
      2082  1.873779453232966E+02
      2083  1.869142213119654E+02
      2084  1.859424332630785E+02
      2085  1.843305823863636E+02
      2086  1.869547920760417E+02
      2087  1.893857271624251E+02
      2088  1.916299772950806E+02
      2089  1.937746318405734E+02
      2090  1.958692118572634E+02
      2091  1.979395775956808E+02
      2092  1.979558570639190E+02
      2093  1.979708718653698E+02
      2094  1.979788828219052E+02
      2095  1.979628223314267E+02
      2096  1.979329137200342E+02
      2097  1.979180003234427E+02
      2098  1.979219290344539E+02
      2099  1.958222286868069E+02
      2100  1.936909545870016E+02
      2101  1.915107080741072E+02
      2102  1.892674370476343E+02
      2103  1.869155699421913E+02
      2104  1.892095973609655E+02
      2105  1.891989530963718E+02
      2106  1.890118650097603E+02
      2107  1.888113143264026E+02
      2108  1.884138625367164E+02
      2109  1.877603538818828E+02
      2110  1.897797773250756E+02
      2111  1.918276435712380E+02
      2112  1.938703430184925E+02
      2113  1.959124571395598E+02
      2114  1.959542174301193E+02
      2115  1.959731910502500E+02
      2116  1.959423686237373E+02
      2117  1.958567385298974E+02
      2118  1.958169233345533E+02
      2119  1.936817490646629E+02
      2120  1.914732259920704E+02
      2121  1.904441776136323E+02
      2122  1.901662311329761E+02
      2123  1.920356700695395E+02
      2124  1.939722306473634E+02
      2125  1.940306068535028E+02
      2126  1.939910867780457E+02
      2127  1.937469291268212E+02
      2128  1.921847589149751E+02
      2129  1.815451326005892E+02
      2130  1.784787331029618E+02
      2131  1.752193479995037E+02
      2132  1.719015641486034E+02
      2133  1.685591091422594E+02
      2134  1.652108687763326E+02
      2135  1.618952274992578E+02
      2136  1.587079380191566E+02
      2137  1.558993107087535E+02
      2138  1.536538199064655E+02
      2139  1.518876039233386E+02
      2140  1.504998047860445E+02
      2141  1.492226636239552E+02
      2142  1.479303541832424E+02
      2143  1.466282370545454E+02
      2144  1.453213395950373E+02
      2145  1.440247218379290E+02
      2146  1.417935475781371E+02
      2147  1.427248485600536E+02
      2148  1.149396158585495E+02
      2149  1.170540683342926E+02
      2150  1.191717738508617E+02
      2151  1.212898076551029E+02
      2152  1.234078822852563E+02
      2153  1.255259643782379E+02
      2154  1.276440505422556E+02
      2155  1.297621408730315E+02
      2156  1.318802497065756E+02
      2157  1.339985171872709E+02
      2158  1.361186087888733E+02
      2159  1.382628551432581E+02
      2160  1.009153321753789E+02
      2161  1.185462858143158E+02
      2162  9.011368962230610E+01
      2163  5.233245845978699E+01
      2164  5.572273051571212E+01
      2165  7.503634222311129E+01
      2166  8.806788262772703E+01
      2167  8.155173895712279E+01
      2168  6.201035403923675E+01
      2169  6.852092742333689E+01
      2170  4.847009934105010E+01
      2171  4.488502961375990E+01
      2172  4.128129580172409E+01
      2173  3.767922913144664E+01
      2174  3.418637070073492E+01
      2175  3.075238426277085E+01
      2176  2.725975093162419E+01
      2177  2.367268927963616E+01
      2178  2.374451452579546E+01
      2179  2.387107816715568E+01
      2180  2.389705661610488E+01
      2181  2.779433060579374E+01
      2182  3.180045638932176E+01
      2183  3.582538638900580E+01
      2184  3.978047753994604E+01
      2185  4.380383341782177E+01
      2186  4.785211518542410E+01
      2187  4.859492518219892E+01
      2188  4.920722030473451E+01
      2189  5.113111187654364E+01
      2190  4.075747848902321E+01
      2191  3.720573910135757E+01
      2192  2.737687533377705E+01
      2193  2.778841042063303E+01
      2194  3.641260099571076E+01
      2195  4.042445692626914E+01
      2196  5.738352634371203E+01
      2197  6.253823928451158E+01
      2198  6.766073203747440E+01
      2199  7.286554290628506E+01
      2200  1.056233026442944E+02
      2201  1.145105925290828E+02
      2202  1.166288747557639E+02
      2203  1.100964431647660E+02
      2204  1.078646125363158E+02
      2205  1.123168830586477E+02
      2206  1.010558713028259E+02
      2207  1.033634949719669E+02
      2208  9.862534317348168E+01
      2209  9.425550095371675E+01
      2210  9.605928627107170E+01
      2211  1.201390427496738E+02
      2212  1.214960148990776E+02
      2213  1.229350921464295E+02
      2214  1.210905920412362E+02
      2215  1.189928532439091E+02
      2216  1.171394969292883E+02
      2217  1.154783206869949E+02
      2218  1.139451420739727E+02
      2219  1.125832921131902E+02
      2220  1.115171555806320E+02
      2221  1.109500674815868E+02
      2222  1.108682062352545E+02
      2223  1.088188620872673E+02
      2224  1.058911831733851E+02
      2225  1.075933602087971E+02
      2226  1.098147418766564E+02
      2227  1.117693704819956E+02
      2228  1.135181304701132E+02
      2229  1.151390842127531E+02
      2230  1.166276593386630E+02
      2231  1.180013041673390E+02
      2232  1.190929311274831E+02
      2233  1.169009471711745E+02
      2234  1.200393182803922E+02
      2235  1.184887996965646E+02
      2236  1.153152678155080E+02
      2237  1.137455157068374E+02
      2238  1.122112134954848E+02
      2239  1.107692245171998E+02
      2240  1.095688813568669E+02
      2241  1.333705739681446E+02
      2242  1.320690119618650E+02
      2243  1.374771007542887E+02
      2244  1.360694921656362E+02
      2245  1.385830357736701E+02
      2246  1.922280000077070E+02
      2247  1.906197204471663E+02
      2248  1.914584837608926E+02
      2249  4.406061592043592E+01
      2250  4.694230209627685E+01
      2251  4.469797903944935E+01
      2252  3.210009254992396E+01
      2253  3.072827653534124E+01
      2254  3.388886558419954E+01
      2255  8.450097717929776E+01
      2256  8.098164091436173E+01
      2257  7.842935592169066E+01
      2258  2.000000000000000E+02
      2259  2.000000000000000E+02
      2260  2.000000000000000E+02
      2261  2.000000000000000E+02
      2262  2.000000000000000E+02
      2263  2.000000000000000E+02
      2264  2.000000000000000E+02
      2265  2.000000000000000E+02
      2266  1.979297363137428E+02
      2267  1.958421315287334E+02
      2268  1.937127129198283E+02
      2269  1.914974672153869E+02
      2270  1.891017833007612E+02
      2271  1.862796319167325E+02
      2272  1.734515829805521E+02
      2273  1.681398830149335E+02
      2274  1.629591631971823E+02
      2275  1.578024138981865E+02
      2276  1.526700040416738E+02
      2277  1.476884767764202E+02
      2278  1.431572027239899E+02
      2279  1.394301134806644E+02
      2280  1.366041641912359E+02
      2281  1.343814918174160E+02
      2282  1.323750225457240E+02
      2283  1.303739923986236E+02
      2284  1.283612514675968E+02
      2285  1.263454740208858E+02
      2286  1.243295474229427E+02
      2287  1.223136154835433E+02
      2288  1.202977106602775E+02
      2289  1.182821656700837E+02
      2290  1.162710656979278E+02
      2291  1.143128276303986E+02
      2292  1.125816888592495E+02
      2293  1.113983435406001E+02
      2294  1.143463606261646E+02
      2295  1.164420535711302E+02
      2296  1.185055095354538E+02
      2297  1.205664516011658E+02
      2298  1.226272024908860E+02
      2299  1.246879417995694E+02
      2300  1.267487027238104E+02
      2301  1.288097114632020E+02
      2302  1.308742962321911E+02
      2303  1.482513590048529E+02
      2304  1.534329911179796E+02
      2305  1.585192351568617E+02
      2306  1.635867080254261E+02
      2307  1.686293518631450E+02
      2308  1.735350802504588E+02
      2309  1.779724668579630E+02
      2310  1.815202919194144E+02
      2311  1.839447545761697E+02
      2312  1.853106229263294E+02
      2313  1.858398178434486E+02
      2314  1.853881257325351E+02
      2315  1.336123757814381E+02
      2316  1.328395282955853E+02
      2317  1.316464394183306E+02
      2318  1.302300925862132E+02
      2319  1.286670122013749E+02
      2320  1.269453457360272E+02
      2321  1.249316843432770E+02
      2322  1.001224324481549E+02
      2323  1.015290467789103E+02
      2324  1.029692996457670E+02
      2325  1.044173706919726E+02
      2326  1.058706737537161E+02
      2327  1.073419095842903E+02
      2328  1.088901977598997E+02
      2329  1.781941040140384E+02
      2330  1.746816632966441E+02
      2331  1.712461054458588E+02
      2332  1.678036288968880E+02
      2333  1.643006469684554E+02
      2334  1.606061767437821E+02
      2335  1.267113877207968E+02
      2336  1.280174392137284E+02
      2337  1.295969410899616E+02
      2338  1.313551142870892E+02
      2339  1.333423006678972E+02
      2340  1.358427597353479E+02
      2341  1.424392087987716E+02
      2342  1.433052869185859E+02
      2343  1.444686412575722E+02
      2344  1.457513667405866E+02
      2345  1.470555573642414E+02
      2346  1.483616755559518E+02
      2347  1.496772111009656E+02
      2348  1.510636435564904E+02
      2349  1.526410402091522E+02
      2350  1.545539789645894E+02
      2351  1.569010259214072E+02
      2352  1.596717783528374E+02
      2353  1.627453935256852E+02
      2354  1.659745229140650E+02
      2355  1.692544328965440E+02
      2356  1.725277712459165E+02
      2357  1.757528877743000E+02
      2358  1.788736813723555E+02
      2359  1.818261617885308E+02
      2360  1.845522333629372E+02
      2361  1.870512365078298E+02
      2362  1.893792726859118E+02
      2363  1.915932599161032E+02
      2364  1.937429167765960E+02
      2365  1.958565443949027E+02
      2366  1.979451860432356E+02
      2367  1.506635247100299E+02
      2368  1.481700527062133E+02
      2369  1.459531969306008E+02
      2370  1.438307153808229E+02
      2371  1.417425909153580E+02
      2372  1.396675651415451E+02
      2373  1.375984976914922E+02
      2374  1.355345429894504E+02
      2375  1.334802423324884E+02
      2376  1.314501849030701E+02
      2377  1.294826834090203E+02
      2378  1.276699359852939E+02
      2379  1.172773284602986E+02
      2380  1.147335229603194E+02
      2381  1.123976581519562E+02
      2382  1.101313887675987E+02
      2383  1.078944315467364E+02
      2384  1.056823668109767E+02
      2385  1.035193561204323E+02
      2386  1.014843541990815E+02
      2387  9.978003001990251E+01
      2388  1.268886381955536E+02
      2389  1.293306805983231E+02
      2390  1.315817846155976E+02
      2391  1.337680270803212E+02
      2392  1.359312253135015E+02
      2393  1.380853554712702E+02
      2394  1.402340622094994E+02
      2395  1.423750626264024E+02
      2396  1.444973184050235E+02
      2397  1.465696038665727E+02
      2398  1.485139773538334E+02
      2399  1.501268645634587E+02
      2400  9.803361785656377E+01
      2401  1.008571968985622E+02
      2402  1.032933323924966E+02
      2403  1.055969940365380E+02
      2404  1.078514516259859E+02
      2405  1.100812886279404E+02
      2406  1.122827139166863E+02
      2407  1.144208612697630E+02
      2408  1.164023161079763E+02
      2409  1.102323093027790E+02
      2410  1.092406009520628E+02
      2411  1.078494306789420E+02
      2412  1.063390635777300E+02
      2413  1.048000555010848E+02
      2414  1.032543848564906E+02
      2415  1.017014361622698E+02
      2416  1.001157671404729E+02
      2417  9.840221871603191E+01
      2418  9.632428484105917E+01
      2419  9.355487426067116E+01
      2420  8.991757875488268E+01
      2421  8.551316696502944E+01
      2422  8.061335873687302E+01
      2423  7.557734985313421E+01
      2424  7.051590782050494E+01
      2425  6.545532048260459E+01
      2426  6.042779493221651E+01
      2427  5.555574250162003E+01
      2428  5.102904352418771E+01
      2429  4.687744107956154E+01
      2430  4.295058210092808E+01
      2431  3.913162645152857E+01
      2432  3.533113988270719E+01
      2433  3.152199024977898E+01
      2434  2.770201543001487E+01
      2435  2.387489250257946E+01
      2436  1.500310405428672E+02
      2437  1.487925864022003E+02
      2438  1.475077958023976E+02
      2439  1.462000016976863E+02
      2440  1.448617001133997E+02
      2441  1.434364116544357E+02
      2442  1.119426662386633E+02
      2443  1.127777266165443E+02
      2444  1.140484522439305E+02
      2445  1.155608709060096E+02
      2446  1.172730278460240E+02
      2447  1.193047688671690E+02
      2448  1.176798570757510E+02
      2449  1.164904684871042E+02
      2450  1.150182153105581E+02
      2451  1.133480116417948E+02
      2452  1.114093269382391E+02
      2453  1.088826843795836E+02
      2454  5.956869261957132E+01
      2455  6.470045059771402E+01
      2456  6.977238228501383E+01
      2457  7.483556470899416E+01
      2458  7.991860718586149E+01
      2459  8.513221976666043E+01
      2460  1.381161247434156E+02
      2461  1.359506005947295E+02
      2462  1.338293394283197E+02
      2463  1.317110427433842E+02
      2464  1.295929392233680E+02
      2465  1.274748506254494E+02
      2466  1.253567645761204E+02
      2467  1.232386806608597E+02
      2468  1.211205970456975E+02
      2469  1.190024824223899E+02
      2470  1.168839378356153E+02
      2471  1.147593002465678E+02
      2472  9.470138972394777E+01
      2473  8.807643518203822E+01
      2474  8.155264426790885E+01
      2475  7.503657608347845E+01
      2476  6.853042168821347E+01
      2477  6.215317531749749E+01
      2478  5.646466711038575E+01
      2479  5.240009670575008E+01
      2480  5.064474023464089E+01
      2481  6.184820988677704E+01
      2482  6.850856745525584E+01
      2483  7.503496838427448E+01
      2484  8.155139867017218E+01
      2485  8.806012517026471E+01
      2486  9.446997658892376E+01
      2487  1.003600001500326E+02
      2488  1.051012093873640E+02
      2489  1.084582870702120E+02
      2490  1.108971511648116E+02
      2491  1.130162902260961E+02
      2492  1.151101206605471E+02
      2493  1.172232228914570E+02
      2494  1.193409454510909E+02
      2495  1.214589991877467E+02
      2496  1.235770811567408E+02
      2497  1.256951646353383E+02
      2498  1.278132512484273E+02
      2499  1.299313368446615E+02
      2500  1.320494050017246E+02
      2501  1.341671948527442E+02
      2502  1.362812112756779E+02
      2503  1.383407413659127E+02
      2504  1.401269360247495E+02
      2505  1.413381932840122E+02
      2506  2.363846390681716E+01
      2507  2.723566183683353E+01
      2508  3.084123730332659E+01
      2509  3.446516781200403E+01
      2510  3.813160557389670E+01
      2511  4.190650133157354E+01
      2512  4.601111576445729E+01
      2513  2.004459742277364E+01
      2514  2.004453216767853E+01
      2515  2.004452998577202E+01
      2516  2.004458242956656E+01
      2517  2.000000000000000E+02
      2518  2.000000000000000E+02
      2519  2.000000000000000E+02
      2520  2.000000000000000E+02
      2521  2.000000000000000E+02
      2522  2.000000000000000E+02
      2523  1.806639102666247E+02
      2524  1.806639094797687E+02
      2525  1.806639084697017E+02
      2526  1.107443919209250E+02
      2527  1.107443916926056E+02
      2528  1.107443916236839E+02
      2529  1.331718167068875E+02
      2530  1.331718157410041E+02
      2531  1.331718154427400E+02
      2532  1.114028568253646E+02
      2533  1.114028563975065E+02
      2534  1.114028562651076E+02
      2535  1.827934826243365E+02
      2536  1.827934827313674E+02
      2537  1.827934827723700E+02
      2538  1.412746838516995E+02
      2539  1.412746834318979E+02
      2540  1.412746839430253E+02
      2541  1.551642769155081E+02
      2542  1.551642768617536E+02
      2543  1.551642768084573E+02
      2544  1.261891922187582E+02
      2545  1.261891920446319E+02
      2546  1.261891920479684E+02
      2547  1.213244201958516E+02
      2548  1.213244202454758E+02
      2549  1.213244203423319E+02
      2550  9.894291312997952E+01
      2551  9.894291333979562E+01
      2552  9.894291338627032E+01
      2553  1.510182367411723E+02
      2554  1.510182366380088E+02
      2555  1.510182366049059E+02
      2556  1.229447082732210E+02
      2557  1.229447082135945E+02
      2558  1.229447082833471E+02
      2559  1.180733998058655E+02
      2560  1.180733999335429E+02
      2561  1.180733999886185E+02
      2562  9.232914063459715E+01
      2563  9.232914078235024E+01
      2564  9.232914078953463E+01
      2565  1.409211633828270E+02
      2566  1.409211630305611E+02
      2567  1.409211630017229E+02
      2568  1.124343435611457E+02
      2569  1.124343434755431E+02
      2570  1.124343434592030E+02
      2571  1.029429076732215E+02
      2572  1.029429075650819E+02
      2573  1.029429075261664E+02
      2574  5.321220253518030E+01
      2575  5.321220205167623E+01
      2576  5.321220200734655E+01
      2577  1.419489271398809E+02
      2578  1.419489270039600E+02
      2579  1.419489269964679E+02
      2580  5.317742389062408E+01
      2581  5.317742334266874E+01
      2582  5.317742338742196E+01
      2583  2.004479004475475E+01
      2584  2.004479003726100E+01
      2585  2.004479001396280E+01
      2586  2.004445254520540E+01
      2587  2.004445254166360E+01
      2588  2.004445254031278E+01
      2589  2.000000000000000E+02
      2590  2.000000000000000E+02
      2591  2.000000000000000E+02
      2592  2.000000000000000E+02
      2593  2.000000000000000E+02
      2594  2.000000000000000E+02
      2595  2.000000000000000E+02
      2596  2.000000000000000E+02
      2597  1.979297364144541E+02
      2598  1.958421316616082E+02
      2599  1.937127130829259E+02
      2600  1.914974675176037E+02
      2601  1.891017838338638E+02
      2602  1.862796329871268E+02
      2603  1.734515832763603E+02
      2604  1.681398838417259E+02
      2605  1.629591655677150E+02
      2606  1.578024157379861E+02
      2607  1.526700049085453E+02
      2608  1.476884772033701E+02
      2609  1.431572032070897E+02
      2610  1.394301150130382E+02
      2611  1.366041660872408E+02
      2612  1.343814935477502E+02
      2613  1.323750243747056E+02
      2614  1.303739943885324E+02
      2615  1.283612536089309E+02
      2616  1.263454759896304E+02
      2617  1.243295494426799E+02
      2618  1.223136173550321E+02
      2619  1.202977122653362E+02
      2620  1.182821671219582E+02
      2621  1.162710669808158E+02
      2622  1.143128287756758E+02
      2623  1.125816897543590E+02
      2624  1.113983441338327E+02
      2625  1.143463618036410E+02
      2626  1.164420549560303E+02
      2627  1.185055111518437E+02
      2628  1.205664534217354E+02
      2629  1.226272044781791E+02
      2630  1.246879439005909E+02
      2631  1.267487048641911E+02
      2632  1.288097135141912E+02
      2633  1.308742981086542E+02
      2634  1.482513587999690E+02
      2635  1.534329922826475E+02
      2636  1.585192367063868E+02
      2637  1.635867079656781E+02
      2638  1.686293509214207E+02
      2639  1.735350796872734E+02
      2640  1.779724677710290E+02
      2641  1.815202935744916E+02
      2642  1.839447551675528E+02
      2643  1.853106230956230E+02
      2644  1.858398178574048E+02
      2645  1.853881256701763E+02
      2646  1.336123772677973E+02
      2647  1.328395295236548E+02
      2648  1.316464404475741E+02
      2649  1.302300932263081E+02
      2650  1.286670125495278E+02
      2651  1.269453458493664E+02
      2652  1.249316843383630E+02
      2653  1.001224321951060E+02
      2654  1.015290465606982E+02
      2655  1.029692994904612E+02
      2656  1.044173706413983E+02
      2657  1.058706738127189E+02
      2658  1.073419096927912E+02
      2659  1.088901980710510E+02
      2660  1.781941036539279E+02
      2661  1.746816628874500E+02
      2662  1.712461049919113E+02
      2663  1.678036286390002E+02
      2664  1.643006468135810E+02
      2665  1.606061766899062E+02
      2666  1.267113879896201E+02
      2667  1.280174395789250E+02
      2668  1.295969416710615E+02
      2669  1.313551150736730E+02
      2670  1.333423015379483E+02
      2671  1.358427606007995E+02
      2672  1.424392090557726E+02
      2673  1.433052871884194E+02
      2674  1.444686415140374E+02
      2675  1.457513670342723E+02
      2676  1.470555576440688E+02
      2677  1.483616758155586E+02
      2678  1.496772112577412E+02
      2679  1.510636436515489E+02
      2680  1.526410403267525E+02
      2681  1.545539790390923E+02
      2682  1.569010259660155E+02
      2683  1.596717782892982E+02
      2684  1.627453925548623E+02
      2685  1.659745234669480E+02
      2686  1.692544333296023E+02
      2687  1.725277710720196E+02
      2688  1.757528876053337E+02
      2689  1.788736811969717E+02
      2690  1.818261615300296E+02
      2691  1.845522331524233E+02
      2692  1.870512362857949E+02
      2693  1.893792725319255E+02
      2694  1.915932598475387E+02
      2695  1.937429167000345E+02
      2696  1.958565443526576E+02
      2697  1.979451860381888E+02
      2698  1.506635249419454E+02
      2699  1.481700529831814E+02
      2700  1.459531972268634E+02
      2701  1.438307157263832E+02
      2702  1.417425913511970E+02
      2703  1.396675655778298E+02
      2704  1.375984981331230E+02
      2705  1.355345434525242E+02
      2706  1.334802426836640E+02
      2707  1.314501852485046E+02
      2708  1.294826837023784E+02
      2709  1.276699362338197E+02
      2710  1.172773279872240E+02
      2711  1.147335224327221E+02
      2712  1.123976575451957E+02
      2713  1.101313881103559E+02
      2714  1.078944308642514E+02
      2715  1.056823661362439E+02
      2716  1.035193554942074E+02
      2717  1.014843536680726E+02
      2718  9.978002956361470E+01
      2719  1.268886382086678E+02
      2720  1.293306807233363E+02
      2721  1.315817849801188E+02
      2722  1.337680273444175E+02
      2723  1.359312260323843E+02
      2724  1.380853558873848E+02
      2725  1.402340626335154E+02
      2726  1.423750627866167E+02
      2727  1.444973184760531E+02
      2728  1.465696038984440E+02
      2729  1.485139775388912E+02
      2730  1.501268647686848E+02
      2731  9.803361752449398E+01
      2732  1.008571965682234E+02
      2733  1.032933319721422E+02
      2734  1.055969934602946E+02
      2735  1.078514511584319E+02
      2736  1.100812882572036E+02
      2737  1.122827135350744E+02
      2738  1.144208609575166E+02
      2739  1.164023158016643E+02
      2740  1.102323096754657E+02
      2741  1.092406012161000E+02
      2742  1.078494309214839E+02
      2743  1.063390636662031E+02
      2744  1.048000554230747E+02
      2745  1.032543846720224E+02
      2746  1.017014358852509E+02
      2747  1.001157668763075E+02
      2748  9.840221843685244E+01
      2749  9.632428463876633E+01
      2750  9.355487416782327E+01
      2751  8.991757876742116E+01
      2752  8.551316691397139E+01
      2753  8.061335873052869E+01
      2754  7.557735023445991E+01
      2755  7.051590865004989E+01
      2756  6.545532164037678E+01
      2757  6.042779591772900E+01
      2758  5.555574291238376E+01
      2759  5.102904382848703E+01
      2760  4.687744142542461E+01
      2761  4.295058261000665E+01
      2762  3.913162702287110E+01
      2763  3.533114027180606E+01
      2764  3.152199042348939E+01
      2765  2.770201556013710E+01
      2766  2.387489269982033E+01
      2767  1.500310407281013E+02
      2768  1.487925866200291E+02
      2769  1.475077960815806E+02
      2770  1.462000019662732E+02
      2771  1.448617003891627E+02
      2772  1.434364120003592E+02
      2773  1.119426662819073E+02
      2774  1.127777266105451E+02
      2775  1.140484522261305E+02
      2776  1.155608708539984E+02
      2777  1.172730277660854E+02
      2778  1.193047687682416E+02
      2779  1.176798569353511E+02
      2780  1.164904683938860E+02
      2781  1.150182152693385E+02
      2782  1.133480116521572E+02
      2783  1.114093269388592E+02
      2784  1.088826844094818E+02
      2785  5.956869335733735E+01
      2786  6.470045139211156E+01
      2787  6.977238287664970E+01
      2788  7.483556499777642E+01
      2789  7.991860729056070E+01
      2790  8.513221956022086E+01
      2791  1.381161251826780E+02
      2792  1.359506009811570E+02
      2793  1.338293398163929E+02
      2794  1.317110431388093E+02
      2795  1.295929396959691E+02
      2796  1.274748512190623E+02
      2797  1.253567654493233E+02
      2798  1.232386814810038E+02
      2799  1.211205976388648E+02
      2800  1.190024827762968E+02
      2801  1.168839380254251E+02
      2802  1.147593003764025E+02
      2803  9.470138988429002E+01
      2804  8.807643538021904E+01
      2805  8.155264460953984E+01
      2806  7.503657646251970E+01
      2807  6.853042213267622E+01
      2808  6.215317582707781E+01
      2809  5.646466767717382E+01
      2810  5.240009729516206E+01
      2811  5.064474083763664E+01
      2812  6.184821079617914E+01
      2813  6.850856800652504E+01
      2814  7.503496867237250E+01
      2815  8.155139901578301E+01
      2816  8.806012549313424E+01
      2817  9.446997684847227E+01
      2818  1.003600003498967E+02
      2819  1.051012096835393E+02
      2820  1.084582873342128E+02
      2821  1.108971513342904E+02
      2822  1.130162904183276E+02
      2823  1.151101208686526E+02
      2824  1.172232231842400E+02
      2825  1.193409458411490E+02
      2826  1.214589998718402E+02
      2827  1.235770817546065E+02
      2828  1.256951655721101E+02
      2829  1.278132518194198E+02
      2830  1.299313374158947E+02
      2831  1.320494054869391E+02
      2832  1.341671953359363E+02
      2833  1.362812117556346E+02
      2834  1.383407419317794E+02
      2835  1.401269364359744E+02
      2836  1.413381937195026E+02
      2837  2.363846410684897E+01
      2838  2.723566190182158E+01
      2839  3.084123748125830E+01
      2840  3.446516815245328E+01
      2841  3.813160603347642E+01
      2842  4.190650173753732E+01
      2843  4.601111619997442E+01
      2844  2.004459737729252E+01
      2845  2.004453210715693E+01
      2846  2.004452999158694E+01
      2847  2.004458243184496E+01
      2848  2.000000000000000E+02
      2849  2.000000000000000E+02
      2850  1.805469578401906E+02
      2851  1.107482854677547E+02
      2852  1.114283200804117E+02
      2853  1.330886103187233E+02
      2854  1.413245930225311E+02
      2855  1.827002347485659E+02
      2856  1.212960568462558E+02
      2857  9.903090694094271E+01
      2858  1.552210667464480E+02
      2859  1.262756632365801E+02
      2860  1.419481678814629E+02
      2861  1.229440799755383E+02
      2862  1.509197312440585E+02
      2863  9.223301432891486E+01
      2864  1.179805719892029E+02
      2865  2.004445402527325E+01
      2866  1.408407657330194E+02
      2867  1.124902168875797E+02
      2868  1.027725347758569E+02
      2869  5.331941559798063E+01
      2870  5.335241868782394E+01
      2871  2.004461892410434E+01
      2872  2.000000000000000E+02
      2873  2.000000000000000E+02
      2874  1.805469600246107E+02
      2875  1.107482859444410E+02
      2876  1.330886121690628E+02
      2877  1.114283208517887E+02
      2878  1.827002345214282E+02
      2879  1.413245930709243E+02
      2880  1.552210668988166E+02
      2881  1.262756634612159E+02
      2882  1.212960566342171E+02
      2883  9.903090657481425E+01
      2884  1.509197314480261E+02
      2885  1.229440798888233E+02
      2886  1.179805717311128E+02
      2887  9.223301401503213E+01
      2888  1.408407662386172E+02
      2889  1.124902170041149E+02
      2890  1.027725349501450E+02
      2891  5.331941636414302E+01
      2892  1.419481680567560E+02
      2893  5.335241941045334E+01
      2894  2.004461892770840E+01
      2895  2.004445403227354E+01
